10.6667,17,10,17
11.3667,14,10.5,15.5
12.4667,12,11,14.3333
11.8,16,11,14.75
10.6667,17,10.8,15.2
2.73333,7,2,7
3.16667,9,2.5,8
2,0,2,0
0,0,1,0
2,0,1.33333,0
4,0,2,0
1,0,1.8,0
0,0,0,0
2,0,1,0
0,0,0.666667,0
3,0,1.25,0
2,0,1.4,0
2,0,1.5,0
0,0,1.28571,0
0,0,1.125,0
1,0,1.11111,0
2,0,1.2,0
4,0,1.45455,0
2,0,1.5,0
0,0,1.38462,0
1,0,1.35714,0
0,1,1.26667,0.0666667
4,0,1.4375,0.0625
0,1,1.35294,0.117647
2,0,1.38889,0.111111
4,0,1.52632,0.105263
2,0,1.55,0.1
3,0,1.61905,0.0952381
0,0,0,0
2,0,1,0
0,0,0.666667,0
1,0,0.75,0
2.66667,2,2,2
1.33333,2,1.5,2
5,0,5,0
1.66667,2,1,2
4,2,4,2
4,2,4,2
1.66667,2,1,2
1.66667,1,1,1
3.33333,1,3,1
0.666667,1,0,1
0,1,0,1
0.333333,2,0,2
0,1,0,1.5
1.33333,1,1,1
0,2,0,2
0.25,2,0,2
0.75,2,0,2
1,2,0.333333,2
0.25,4,0,4
2.75,2,1,3
3.25,4,3,4
1.875,5,2,4.5
3.25,1,3,1
2,1,2,1
2.25,3,2,3
1.75,3,1,3
1.5,3,1,3
2.5,3,2,3
1.75,4,1.5,3.5
3.5,1,2,2.66667
1.25,3,1.75,2.75
0.5,3,1.4,2.8
1.75,4,1.33333,3
2.25,4,1.42857,3.14286
2.75,3,1.5,3.125
2,3,1.55556,3.11111
1,4,1.5,3.2
2.5,2,1.54545,3.09091
3.25,3,1.66667,3.08333
1,4,1.61538,3.15385
3.75,3,1.71429,3.14286
2,3,1.73333,3.13333
1.25,3,1.6875,3.125
2.5,3,1.70588,3.11765
2,3,1.72222,3.11111
2,3,1.73684,3.10526
1,4,1.7,3.15
1.25,4,1.66667,3.19048
1.25,3,1.63636,3.18182
2.25,3,1.65217,3.17391
2.5,4,1.66667,3.20833
1.75,4,1.64,3.24
1,3,1.61538,3.23077
1.5,4,1.59259,3.25926
1.75,3,1.57143,3.25
0.75,3,1.51724,3.24138
1.5,3,1.5,3.23333
1.75,2,1.48387,3.19355
2,3,1.5,3.1875
1.25,4,1.48485,3.21212
2.75,3,1.5,3.20588
2.75,3,1.51429,3.2
1.75,2,1.5,3.16667
1.5,3,1.48649,3.16216
0.75,4,1.44737,3.18421
1.5,3,1.4359,3.17949
3,2,1.475,3.15
1,4,1.46341,3.17073
1.5,4,1.45238,3.19048
1.25,4,1.44186,3.2093
3.25,4,1.47727,3.22727
1,3,1.46667,3.22222
1,2,1.45652,3.19565
2,4,1.46809,3.21277
1.5,4,1.45833,3.22917
1.75,2,1.44898,3.20408
2.25,2,1.46,3.18
1,3,1.45098,3.17647
1.5,4,1.44231,3.19231
1.25,3,1.43396,3.18868
2.25,2,1.44444,3.16667
1.75,3,1.43636,3.16364
0.75,3,1.41071,3.16071
0.5,3,1.38596,3.15789
2.25,3,1.39655,3.15517
1.25,3,1.38983,3.15254
0.5,4,1.36667,3.16667
1.25,4,1.36066,3.18033
1,3,1.35484,3.17742
0.25,3,1.33333,3.1746
0.75,3,1.3125,3.17188
0,4,1.29231,3.18462
5,3,1.34848,3.18182
1,4,1.34328,3.19403
1.5,2,1.33824,3.17647
1.25,3,1.33333,3.17391
1.25,3,1.32857,3.17143
2.25,3,1.33803,3.16901
1.5,3,1.33333,3.16667
1.5,2,1.32877,3.15068
2.25,3,1.33784,3.14865
1.5,3,1.33333,3.14667
1.5,3,1.32895,3.14474
1.75,3,1.32468,3.14286
1.5,2,1.32051,3.12821
2.25,3,1.32911,3.12658
3,2,1.35,3.1125
3.5,3,1.37037,3.11111
2.25,3,1.37805,3.10976
0.5,4,1.36145,3.12048
0.75,3,1.34524,3.11905
1.75,3,1.34118,3.11765
4.9,8,4,8
2.7,9,3,8.5
5.7,7,3.66667,8
1.7,6,3,7.5
4.3,6,3.2,7.2
4.1,5,3.33333,6.83333
2.8,6,3.14286,6.71429
2.7,6,3,6.625
2.4,7,2.88889,6.66667
3.5,6,2.9,6.6
3.9,7,2.90909,6.63636
3.5,5,2.91667,6.5
2.1,7,2.84615,6.53846
1.7,5,2.71429,6.42857
2.5,10,2.66667,6.66667
3.4,6,2.6875,6.625
2.4,8,2.64706,6.70588
1.8,7,2.55556,6.72222
4,6,2.63158,6.68421
1.7,7,2.55,6.7
1.4,6,2.47619,6.66667
5.1,6,2.59091,6.63636
1.3,6,2.52174,6.6087
3.5,7,2.54167,6.625
2.2,7,2.52,6.64
2.4,10,2.5,6.76923
2.8,6,2.48148,6.74074
2.4,7,2.46429,6.75
1,8,2.41379,6.7931
2.4,7,2.4,6.8
3.5,6,2.41935,6.77419
2.8,7,2.40625,6.78125
2.8,4,2,4
1.9,7,1.5,5.5
2.1,6,1.66667,5.66667
1.1,6,1.5,5.75
1.9,7,1.4,6
2.7,6,1.5,6
2.3,6,1.57143,6
1.4,5,1.5,5.875
1.1,7,1.44444,6
1.5,6,1.4,6
3.1,4,1.54545,5.81818
2.9,5,1.58333,5.75
1.7,9,1.53846,6
2.5,4,1.57143,5.85714
1.6,6,1.53333,5.86667
2.3,5,1.5625,5.8125
2.2,5,1.58824,5.76471
4.5,3,1.72222,5.61111
2.4,9,1.73684,5.78947
2,7,1.75,5.85
2.9,5,1.7619,5.80952
1.6,6,1.72727,5.81818
4,5,1.82609,5.78261
2.4,5,1.83333,5.75
2,8,1.84,5.84
1.9,7,1.80769,5.88462
2.3,6,1.81481,5.88889
1.9,5,1.78571,5.85714
1.3,6,1.75862,5.86207
2.3,7,1.76667,5.9
1.8,5,1.74194,5.87097
3.1,6,1.78125,5.875
2.2,6,1.78788,5.87879
2.2,5,1.79412,5.85294
1.9,5,1.77143,5.82857
1.8,5,1.75,5.80556
2.1,5,1.75676,5.78378
1.8,4,1.73684,5.73684
2.5,6,1.74359,5.74359
1.8,4,1.725,5.7
1.4,7,1.70732,5.73171
2,3,1.71429,5.66667
2.3,6,1.72093,5.67442
1.7,4,1.70455,5.63636
1.4,6,1.68889,5.64444
1.7,5,1.67391,5.63043
2.3,7,1.68085,5.65957
2.5,2,1.6875,5.58333
3.1,6,1.71429,5.59184
2.1,6,1.72,5.6
1.9,9,1.70588,5.66667
1.5,6,1.69231,5.67308
2,6,1.69811,5.67925
3,4,1.72222,5.64815
2.9,5,1.72727,5.63636
3.1,6,1.75,5.64286
1.1,5,1.73684,5.63158
2.1,4,1.74138,5.60345
2.2,4,1.74576,5.57627
1.6,7,1.73333,5.6
1.8,8,1.72131,5.63934
2.3,7,1.72581,5.66129
2.1,6,1.73016,5.66667
3.4,5,1.75,5.65625
2.2,4,1.75385,5.63077
1.6,7,1.74242,5.65152
1.8,5,1.73134,5.64179
1.9,6,1.72059,5.64706
1.8,6,1.71014,5.65217
1.7,9,1.7,5.7
2,8,1.70423,5.73239
2.6,5,1.70833,5.72222
1.7,7,1.69863,5.73973
2.1,5,1.7027,5.72973
1.7,7,1.69333,5.74667
1.9,4,1.68421,5.72368
2.7,4,1.68831,5.7013
2,7,1.69231,5.71795
3.1,8,1.70886,5.74684
1.8,7,1.7,5.7625
3.1,7,1.71605,5.77778
2,7,1.71951,5.79268
2.1,4,1.72289,5.77108
2.5,7,1.72619,5.78571
1.8,6,1.71765,5.78824
2.4,5,1.72093,5.77907
1.1,7,1.71264,5.7931
2.4,7,1.71591,5.80682
1.9,5,1.70787,5.79775
1.5,5,1.7,5.78889
2.3,5,1.7033,5.78022
3,5,1.71739,5.77174
2.3,7,1.72043,5.78495
3,5,1.73404,5.7766
1.2,6,1.72632,5.77895
2.3,6,1.72917,5.78125
2.4,6,1.73196,5.78351
3.2,4,1.7449,5.76531
2.4,8,1.74747,5.78788
3.3,5,1.76,5.78
1.2,8,1.75248,5.80198
1.5,6,1.7451,5.80392
2.2,6,1.74757,5.80583
0.9,6,1.73077,5.80769
1.6,8,1.72381,5.82857
2.4,5,1.72642,5.82075
2.3,7,1.72897,5.83178
2.6,7,2,7
5.2,6,3.5,6.5
2.9,8,3,7
2.7,5,2.75,6.5
2.2,7,2.6,6.6
0.7,9,2.16667,7
2.4,7,2.14286,7
1.4,7,2,7
1.2,6,1.88889,6.88889
3.8,7,2,6.9
1.5,5,1.90909,6.72727
1.7,7,1.83333,6.75
2.6,4,1.84615,6.53846
1.8,4,1.78571,6.35714
2.4,6,1.8,6.33333
2.8,6,1.8125,6.3125
1.7,6,1.76471,6.29412
1.5,6,1.72222,6.27778
1.9,6,1.68421,6.26316
2,5,1.7,6.2
1.9,7,1,7
2.2,7,1.5,7
1.8,8,1.33333,7.33333
3,7,1.75,7.25
2.3,7,1.8,7.2
3.4,5,2,6.83333
2.2,6,2,6.71429
2,7,2,6.75
2.2,7,2,6.77778
1.3,7,1.9,6.8
3.8,8,2,6.90909
2.4,7,2,6.91667
3.2,7,2.07692,6.92308
3,7,2.14286,6.92857
2.8,6,2.13333,6.86667
2.1,8,2.125,6.9375
2.3,5,2.11765,6.82353
2.6,5,2.11111,6.72222
2.8,7,2.10526,6.73684
2.1,7,2.1,6.75
1.5,8,2.04762,6.80952
1.4,5,2,6.72727
2.8,5,2,6.65217
2.4,7,2,6.66667
2.6,6,2,6.64
2.3,6,2,6.61538
2.1,6,2,6.59259
2,7,2,6.60714
1.4,8,1.96552,6.65517
2.7,7,1.96667,6.66667
2.3,8,1.96774,6.70968
2.1,8,1.96875,6.75
1.4,9,1.93939,6.81818
2.6,8,1.94118,6.85294
0.9,7,1.88571,6.85714
2.5,6,1.88889,6.83333
2.5,5,1.89189,6.78378
1.3,6,1.86842,6.76316
1.7,7,1.84615,6.76923
2.4,7,1.85,6.775
1.7,8,1.82927,6.80488
1,8,1.80952,6.83333
2,7,1.81395,6.83721
2.1,8,1.81818,6.86364
2.5,8,1.82222,6.88889
2.5,7,1.82609,6.8913
2.3,7,1.82979,6.89362
1.6,8,1.8125,6.91667
2.2,8,1.81633,6.93878
3.2,7,1.84,6.94
1.7,6,1.82353,6.92157
1.2,8,1.80769,6.94231
2.1,7,1.81132,6.9434
1.8,8,1.7963,6.96296
1.7,8,1.78182,6.98182
2.6,8,1.78571,7
1.4,7,1.77193,7
2.1,8,1.77586,7.01724
2,7,1.77966,7.01695
2.2,6,1.78333,7
1.6,6,1.77049,6.98361
3.4,7,1.79032,6.98387
1.7,8,1.77778,7
3.7,5,1.79688,6.96875
1.9,7,1.78462,6.96923
3.6,7,1.80303,6.9697
3.4,7,1.8209,6.97015
3.6,6,1.83824,6.95588
2.8,7,1.84058,6.95652
3.2,8,1.85714,6.97143
1.7,7,1.84507,6.97183
2,6,1.84722,6.95833
2.1,6,1.84932,6.94521
2.6,7,1.85135,6.94595
2.4,7,1.85333,6.94667
2.2,8,1.85526,6.96053
2.6,7,1.85714,6.96104
2.6,4,1.85897,6.92308
2.4,8,1.86076,6.93671
2.6,7,1.8625,6.9375
1.5,8,1.85185,6.95062
2.2,7,1.85366,6.95122
1.1,7,1.84337,6.95181
3.3,7,1.85714,6.95238
3.2,8,1.87059,6.96471
1.9,8,1.86047,6.97674
3.6,7,1.87356,6.97701
2.7,6,1.875,6.96591
1.9,8,1.86517,6.97753
2.9,6,1.86667,6.96667
2,7,1.86813,6.96703
2.7,7,1.86957,6.96739
1.3,9,1.86022,6.98925
2.1,8,1.8617,7
2.6,6,1.86316,6.98947
3.1,7,1.875,6.98958
2.8,7,1.87629,6.98969
2.3,6,1.87755,6.97959
2.8,7,1.87879,6.9798
1.2,7,1.87,6.98
2.5,7,1.87129,6.9802
1.2,7,1.86275,6.98039
2.1,7,1.86408,6.98058
2.6,7,1.86538,6.98077
1.1,8,1.85714,6.99048
1.9,9,1.84906,7.00943
1.7,8,1.84112,7.01869
2,5,1.84259,7
1.5,9,1.83486,7.01835
1.5,8,1.82727,7.02727
2.3,6,1.82883,7.01802
2.3,8,1.83036,7.02679
1.2,8,1.82301,7.0354
2.4,8,1.82456,7.04386
2.4,6,1.82609,7.03478
1.9,8,1.81897,7.0431
2.6,6,1.82051,7.03419
1.7,7,1.81356,7.0339
2.1,6,1.81513,7.02521
1.8,7,1.80833,7.025
2,7,1.80992,7.02479
3.6,7,1.81967,7.02459
1.7,7,1.81301,7.02439
2,7,1.81452,7.02419
2.5,7,1.816,7.024
1.8,7,1.80952,7.02381
2.7,7,1.81102,7.02362
2.9,8,1.8125,7.03125
2.1,8,1.81395,7.03876
4.1,5,1.83077,7.02308
4.1,5,1.84733,7.00763
1.2,8,1.84091,7.01515
2.8,7,1.84211,7.01504
1.9,8,1,8
2.6,7,1.5,7.5
2.3,8,1.66667,7.66667
2.7,6,1.75,7.25
3.7,7,2,7.2
2,6,2,7
3.8,6,2.14286,6.85714
2.7,8,2.125,7
3.5,7,2.22222,7
2.4,5,2.2,6.8
0.9,7,2,6.81818
1.8,8,1.91667,6.91667
1.9,6,1.84615,6.84615
1.6,6,1.78571,6.78571
3.2,6,1.86667,6.73333
3,6,1.9375,6.6875
1.2,5,1.88235,6.58824
2,7,1.88889,6.61111
1.3,6,1.84211,6.57895
1.9,7,1.8,6.6
1.9,6,1.7619,6.57143
1.1,7,1.72727,6.59091
2.3,6,1.73913,6.56522
2.5,8,1.75,6.625
2.7,6,1.76,6.6
1.6,7,1.73077,6.61538
4.2,6,1.81481,6.59259
1.7,7,1.78571,6.60714
1.6,7,1.75862,6.62069
2.4,7,1.76667,6.63333
1.8,6,1.74194,6.6129
2.7,7,1.75,6.625
2.8,7,1.75758,6.63636
2.5,6,1.76471,6.61765
1.9,7,1.74286,6.62857
2.3,6,1.75,6.61111
1.5,8,1.72973,6.64865
2.9,7,1.73684,6.65789
2,6,1.74359,6.64103
2.9,7,1.75,6.65
2,7,1.7561,6.65854
2.9,6,1.7619,6.64286
1.4,7,1.74419,6.65116
1.6,8,1.72727,6.68182
2,6,1.73333,6.66667
3.1,9,1.76087,6.71739
1.6,6,1.74468,6.70213
1.7,7,1.72917,6.70833
2.3,6,1.73469,6.69388
1.9,6,1.72,6.68
2.1,6,1.72549,6.66667
2,6,1.73077,6.65385
2.4,6,1.73585,6.64151
2.7,7,1.74074,6.64815
3.3,6,1.76364,6.63636
2.5,7,1.76786,6.64286
1.7,8,1.75439,6.66667
3.2,6,1.77586,6.65517
1.7,6,1.76271,6.64407
2.3,5,1.76667,6.61667
1.4,7,1.7541,6.62295
3.1,6,1.77419,6.6129
2.7,6,1.77778,6.60317
1.7,5,1.76563,6.57813
1.7,8,1.75385,6.6
2.5,9,1.75758,6.63636
2.9,7,1.76119,6.64179
2.6,7,1.76471,6.64706
3.3,7,1.78261,6.65217
3.2,6,1.8,6.64286
1.9,6,1.78873,6.6338
2.1,8,1.79167,6.65278
3.3,7,1.80822,6.65753
2.2,8,1.81081,6.67568
2.6,7,1.81333,6.68
2.6,9,1.81579,6.71053
1.5,6,1.80519,6.7013
2.1,6,1.80769,6.69231
2.9,6,1.81013,6.68354
2.2,6,1.8125,6.675
3.1,5,1.82716,6.65432
2.3,7,1.82927,6.65854
2.1,7,1.83133,6.66265
4.1,4,1.85714,6.63095
4.2,6,1.88235,6.62353
3.5,7,1.89535,6.62791
2,5,1.89655,6.6092
1.8,7,1.88636,6.61364
2.1,6,1.88764,6.60674
2,6,1.88889,6.6
3.5,5,1.9011,6.58242
2.1,6,1.90217,6.57609
1.6,8,1.89247,6.5914
1.5,6,1.88298,6.58511
3.9,4,1.89474,6.55789
1.7,7,1.88542,6.5625
4,8,1.90722,6.57732
2.2,6,1.90816,6.57143
2.1,6,1.90909,6.56566
3.2,7,1.92,6.57
3.1,7,1.93069,6.57426
3.9,6,1.94118,6.56863
3.6,7,1.95146,6.57282
2.3,6,1.95192,6.56731
2.7,7,1.95238,6.57143
1.9,7,1.9434,6.57547
2.2,6,1.94393,6.57009
3.1,5,1.9537,6.55556
1.6,7,1.94495,6.55963
2.9,5,1.94545,6.54545
2.8,7,1.94595,6.54955
1.3,7,1.9375,6.55357
3.1,7,1.9469,6.55752
1.8,7,1.9386,6.5614
2.4,7,1.93913,6.56522
3,6,1.94828,6.56034
3.9,5,1.95726,6.54701
1.8,8,1.94915,6.55932
2.2,6,1.94958,6.55462
1.8,7,1.94167,6.55833
1.1,6,1.93388,6.55372
2.9,5,1.93443,6.54098
2.5,5,1.93496,6.52846
2.6,7,1.93548,6.53226
1.7,6,1.928,6.528
2.3,6,1.92857,6.52381
1.9,9,1.92126,6.54331
1.7,8,1.91406,6.55469
3,6,1.92248,6.55039
3.2,6,1.93077,6.54615
2.7,6,1.9313,6.54198
1.7,7,1.92424,6.54545
2.7,7,1.92481,6.54887
2.2,8,1.92537,6.5597
1.7,6,1.91852,6.55556
2.8,7,1.91912,6.55882
2.8,7,1.91971,6.56204
2.5,5,1.92029,6.55072
1.9,6,1.91367,6.54676
3.3,7,1.92143,6.55
2.4,8,1.92199,6.56028
1.7,7,1.91549,6.56338
2.7,6,1.91608,6.55944
1.9,8,1.90972,6.56944
2.3,6,1.91034,6.56552
2.1,8,1.91096,6.57534
1.7,7,1.90476,6.57823
1.5,6,1.89865,6.57432
1.8,6,1.89262,6.57047
2.4,9,1.89333,6.58667
1.5,10,1.88742,6.60927
3.3,6,1.89474,6.60526
3.1,7,1.90196,6.60784
2.4,6,1.9026,6.6039
2.1,8,1.90323,6.6129
1.2,7,1.89744,6.61538
1.6,7,1.89172,6.61783
1.7,7,1.88608,6.62025
2.8,5,1.88679,6.61006
3.7,7,1.89375,6.6125
2,6,1.89441,6.6087
0.6,7,1.88272,6.61111
1.8,7,1.8773,6.6135
2.4,7,1.87805,6.61585
2.5,8,1.87879,6.62424
1.8,9,1.87349,6.63855
3.9,6,1.88024,6.63473
2.5,6,1.88095,6.63095
2,7,1.88166,6.63314
3.4,6,1.88824,6.62941
2.8,6,1.88889,6.62573
1.3,7,1.88372,6.62791
4,8,1.89595,6.63584
1.5,9,1.8908,6.64943
4.3,6,1.90286,6.64571
2.2,5,1.90341,6.63636
2.4,6,1.90395,6.63277
2.4,6,1.90449,6.62921
2.6,6,1.90503,6.6257
1.5,7,1.9,6.62778
1.3,7,1.89503,6.62983
2.2,6,1.8956,6.62637
1.9,6,1.89071,6.62295
2.4,6,1.8913,6.61957
1.2,7,1.88649,6.62162
2.5,8,1.8871,6.62903
1.3,9,1.88235,6.64171
1.4,8,1.87766,6.64894
1.5,6,1.87302,6.6455
1.7,8,1.86842,6.65263
1.5,7,1.86387,6.65445
3.6,6,1.86979,6.65104
2.7,7,1.87047,6.65285
3.2,7,1.87629,6.65464
2.9,5,1.87692,6.64615
2.1,7,1.87755,6.64796
2.1,6,1.87817,6.64467
3.2,6,1.88384,6.64141
2.4,7,1.88442,6.64322
1.9,9,1.88,6.655
2.6,8,1.8806,6.66169
4.7,5,1.89109,6.65347
2.9,6,1.89163,6.65025
3.1,6,1.89706,6.64706
1.9,9,1,9
2.4,8,1.5,8.5
1.7,9,1.33333,8.66667
1.9,7,1.25,8.25
1.4,8,1.2,8.2
1,9,1.16667,8.33333
3.1,6,1.42857,8
3,10,1.625,8.25
1.7,8,1.55556,8.22222
3.8,7,1.7,8.1
2.9,9,1.72727,8.18182
2.4,7,1.75,8.08333
2.4,8,1.76923,8.07692
2.1,9,1.78571,8.14286
2.4,8,1.8,8.13333
2.2,8,1.8125,8.125
3,8,1.88235,8.11765
2,7,1.88889,8.05556
1.5,8,1.84211,8.05263
1.8,7,1.8,8
1,9,1.7619,8.04762
2.2,10,1.77273,8.13636
2.8,9,1.78261,8.17391
2.6,7,1.79167,8.125
1.8,10,1.76,8.2
1.8,9,1.73077,8.23077
0.9,9,1.66667,8.25926
2.8,8,1.67857,8.25
2,8,1.68966,8.24138
1.5,10,1.66667,8.3
1.3,10,1.64516,8.35484
1.9,8,1.625,8.34375
0.9,9,1.57576,8.36364
2.4,9,1.58824,8.38235
1.5,9,1.57143,8.4
1.7,8,1.55556,8.38889
3.2,8,1.59459,8.37838
2.6,9,1.60526,8.39474
1.7,8,1.58974,8.38462
2.8,8,1.6,8.375
0.7,9,1.56098,8.39024
2.1,8,1.57143,8.38095
2,10,1.5814,8.4186
1.4,9,1.56818,8.43182
1.9,7,1.55556,8.4
2.2,8,1.56522,8.3913
1.7,8,1.55319,8.38298
2.5,7,1.5625,8.35417
1.3,10,1.55102,8.38776
1.6,10,1.54,8.42
2.3,9,1.54902,8.43137
1.9,8,1.53846,8.42308
1,9,1.5283,8.43396
3.2,7,1.55556,8.40741
2.2,9,1.56364,8.41818
3,9,1.58929,8.42857
2.1,7,1.59649,8.40351
1.5,9,1.58621,8.41379
1.2,9,1.57627,8.42373
2.4,8,1.58333,8.41667
1.5,8,1.57377,8.40984
2.1,8,1.58065,8.40323
0.8,8,1.55556,8.39683
2.2,8,1.5625,8.39063
1.2,8,1.55385,8.38462
1,9,1.54545,8.39394
1.2,9,1.53731,8.40299
3.2,6,1.55882,8.36765
2.1,10,1.56522,8.3913
3,8,1.58571,8.38571
0.9,8,1.56338,8.38028
2.1,7,1.56944,8.36111
2.3,8,1.57534,8.35616
2.1,8,1.58108,8.35135
2.9,8,1.58667,8.34667
3.1,9,1.60526,8.35526
0.9,9,1.58442,8.36364
1.4,9,1.57692,8.37179
1.8,9,1.56962,8.37975
2.8,8,1.575,8.375
1.6,9,1.5679,8.38272
2.2,8,1.57317,8.37805
1.3,7,1.56627,8.36145
2.6,8,1.57143,8.35714
2.7,7,1.57647,8.34118
2.7,7,1.5814,8.32558
2.3,8,1.58621,8.32184
2.2,9,1.59091,8.32955
2.5,10,1.59551,8.34831
1.4,10,1.58889,8.36667
2.9,8,1.59341,8.36264
1.9,8,1.58696,8.3587
1.8,9,1.58065,8.36559
1.9,9,1.57447,8.37234
2.3,6,1.57895,8.34737
2.6,8,1.58333,8.34375
2.5,9,1.58763,8.35052
2.7,8,1.59184,8.34694
2.3,7,1.59596,8.33333
1,9,1.59,8.34
3.6,8,1.60396,8.33663
3,6,1.61765,8.31373
2.1,7,1.62136,8.30097
1.6,9,1.61538,8.30769
1.9,9,1.60952,8.31429
3,8,1.62264,8.31132
1.3,8,1.61682,8.30841
2,8,1.62037,8.30556
1.8,8,1.61468,8.30275
1.7,9,1,9
3.8,8,2,8.5
1.6,10,1.66667,9
1.8,7,1.5,8.5
3.3,9,1.8,8.6
1.9,7,1.66667,8.33333
1.2,10,1.57143,8.57143
1.5,9,1.5,8.625
1.4,9,1.44444,8.66667
2.7,9,1.5,8.7
2.2,9,1.54545,8.72727
1.3,8,1.5,8.66667
3.9,7,1.61538,8.53846
3.4,7,1.71429,8.42857
2.5,8,1.73333,8.4
1.2,8,1.6875,8.375
1.3,8,1.64706,8.35294
3.1,9,1.72222,8.38889
2.7,8,1.73684,8.36842
3,8,1.8,8.35
3.2,9,1.85714,8.38095
3.1,7,1.90909,8.31818
2.4,7,1.91304,8.26087
1.9,7,1.875,8.20833
2.3,7,1.88,8.16
2,9,1.88462,8.19231
1.8,8,1.85185,8.18519
4.3,6,1.92857,8.10714
2.1,8,1.93103,8.10345
3.6,7,1.96667,8.06667
2.1,9,1.96774,8.09677
2.5,9,1.96875,8.125
1.6,8,1.93939,8.12121
0.8,9,1.88235,8.14706
2.5,9,1.88571,8.17143
3.2,7,1.91667,8.13889
1.3,9,1.89189,8.16216
3.7,5,1.92105,8.07895
2.6,8,1.92308,8.07692
2.8,8,1.925,8.075
2.1,9,1.92683,8.09756
2.7,10,1.92857,8.14286
1.5,7,1.90698,8.11628
0.7,9,1.86364,8.13636
1.7,7,1.84444,8.11111
3.9,10,1.86957,8.15217
4,5,1.91489,8.08511
2.9,6,1.91667,8.04167
1.7,8,1.89796,8.04082
1.7,8,1.88,8.04
1.4,8,1.86275,8.03922
1.7,10,1.84615,8.07692
3.5,8,1.86792,8.07547
1.6,8,1.85185,8.07407
2,7,1.85455,8.05455
1.9,8,1.83929,8.05357
1.3,8,1.82456,8.05263
2.2,8,1.82759,8.05172
2.8,8,1.83051,8.05085
1.8,7,1.81667,8.03333
2.7,9,1.81967,8.04918
2.1,8,1.82258,8.04839
1.8,8,1.80952,8.04762
1.2,8,1.79688,8.04688
3,7,1.81538,8.03077
1.7,8,1.80303,8.0303
2.4,8,1.80597,8.02985
1.9,10,1.79412,8.05882
2.2,9,1.7971,8.07246
2.4,9,1.8,8.08571
1.1,8,1.78873,8.08451
1.8,9,1.77778,8.09722
1.9,6,1.76712,8.06849
2.1,6,1.77027,8.04054
2.6,9,1.77333,8.05333
1.3,9,1.76316,8.06579
2.3,8,1.76623,8.06494
1.3,9,1.75641,8.07692
3.9,7,1.77215,8.06329
1.1,7,1.7625,8.05
1.7,8,1.75309,8.04938
1.7,9,1.7439,8.06098
1.9,9,1.73494,8.07229
2.1,9,1.7381,8.08333
3.5,6,1.75294,8.05882
2.1,8,1.75581,8.05814
2.4,7,1.75862,8.04598
2.4,8,1.76136,8.04545
0.7,9,1.74157,8.05618
2.9,9,1.74444,8.06667
3.1,7,1.75824,8.05495
1.9,8,1.75,8.05435
1.9,7,1.74194,8.04301
2.1,9,1.74468,8.05319
3,7,1.75789,8.04211
1.3,9,1.75,8.05208
2.4,9,1.75258,8.06186
2.1,8,1.7551,8.06122
3,8,1.76768,8.06061
1.9,9,1.76,8.07
2.7,7,1.76238,8.05941
2.4,7,1.76471,8.04902
3.3,7,1.7767,8.03883
2.4,8,1.77885,8.03846
3.8,8,1.79048,8.0381
3.7,10,1.80189,8.0566
2.5,7,1.80374,8.04673
1.2,8,1.7963,8.0463
2.1,7,1.79817,8.0367
2.9,8,1.8,8.03636
2.9,9,1.8018,8.04505
2.8,7,1.80357,8.03571
1.8,9,1.79646,8.04425
2.8,7,1.79825,8.03509
1.7,9,1.7913,8.04348
3.2,8,1.80172,8.0431
2.7,7,1.80342,8.03419
1.7,8,1.79661,8.0339
1.6,9,1.78992,8.04202
2.3,7,1.79167,8.03333
1.7,9,1.78512,8.04132
3.3,8,1.79508,8.04098
4,6,1.81301,8.02439
3.5,7,1.82258,8.01613
1.2,9,1.816,8.024
1.5,9,1.80952,8.03175
1.9,9,1.80315,8.03937
1.8,9,1.79688,8.04688
3.1,8,1.8062,8.04651
2.2,9,1.80769,8.05385
2.6,8,1.80916,8.05344
1.1,8,1.80303,8.05303
2.6,9,1.80451,8.06015
2.3,7,1.80597,8.05224
1.8,8,1.8,8.05185
2.6,8,1.80147,8.05147
3,7,1.81022,8.0438
2.5,7,1.81159,8.03623
2.7,8,1.81295,8.03597
1.2,8,1.80714,8.03571
2.4,7,1.80851,8.02837
2.5,8,1.80986,8.02817
1.5,10,1.8042,8.04196
2.2,7,1.80556,8.03472
3.6,7,1.81379,8.02759
1.9,9,1.80822,8.03425
0.8,10,1.79592,8.04762
1.9,9,1.79054,8.05405
1.7,9,1.78523,8.0604
1.9,8,1.78,8.06
2.7,7,1.78146,8.05298
3.1,6,1.78947,8.03947
2.4,7,1.79085,8.03268
1.1,8,1.78571,8.03247
2.4,8,1.7871,8.03226
1.8,9,1.78205,8.03846
1.5,9,1.77707,8.04459
2.6,8,1.77848,8.0443
2,6,1.77987,8.03145
2,7,1.78125,8.025
3.1,8,1.78882,8.02484
2.2,6,1.79012,8.01235
2.2,10,1.79141,8.02454
1.6,8,1.78659,8.02439
3.1,6,1.79394,8.01212
2.3,8,1.79518,8.01205
2.4,7,1.79641,8.00599
2.8,9,1.79762,8.0119
2.2,8,1.79882,8.01183
3.3,8,1.80588,8.01176
2.1,8,1.80702,8.0117
3.1,8,1.81395,8.01163
2.9,7,1.81503,8.00578
2.4,8,1.81609,8.00575
2.4,7,1.81714,8
2,9,1.81818,8.00568
3,8,1.82486,8.00565
2.1,8,1.82584,8.00562
1.5,8,1.82123,8.00559
2.3,9,1.82222,8.01111
1.6,9,1.81768,8.01657
1.8,8,1.81319,8.01648
1.5,8,1.80874,8.01639
2.4,8,1.80978,8.0163
3.1,8,1.81622,8.01622
1.8,8,1.81183,8.01613
2.8,9,1.81283,8.02139
2.9,9,1.81383,8.0266
1.7,8,1.80952,8.02646
3.1,9,1.81579,8.03158
2.9,7,1.81675,8.02618
2.2,8,1.81771,8.02604
1.7,9,1.81347,8.03109
1,8,1.80928,8.03093
2.3,7,1.81026,8.02564
1.6,7,1.80612,8.02041
2.6,9,1.80711,8.02538
3.3,7,1.81313,8.0202
1.7,6,1.80905,8.01005
1.6,8,1.805,8.01
3.2,8,1.81095,8.00995
1.6,8,1.80693,8.0099
3,8,1.81281,8.00985
1.8,8,1.80882,8.0098
2.6,6,1.80976,8
1.6,9,1.80583,8.00485
1.5,8,1.80193,8.00483
2.7,9,1.80288,8.00962
1.6,9,1.79904,8.01435
2.6,8,1.8,8.01429
2,9,1.80095,8.01896
2,9,1.80189,8.02358
2.9,8,1.80282,8.02347
1.5,7,1.79907,8.01869
3,8,1.80465,8.0186
2.3,9,1.80556,8.02315
1.6,9,1.80184,8.02765
1.6,9,1.79817,8.03211
2.7,8,1.79909,8.03196
1.5,7,1.79545,8.02727
2.4,10,1.79638,8.0362
0.8,8,1.78829,8.03604
2,7,1.78924,8.03139
2.6,7,1.79018,8.02679
2.6,7,1.79111,8.02222
2.1,9,1.79204,8.02655
3.6,7,1.79736,8.02203
2.2,9,1.79825,8.02632
1.7,7,1.79476,8.02183
1.5,9,1.7913,8.02609
1.6,8,1.78788,8.02597
3.6,8,1.7931,8.02586
2.7,10,1.79399,8.03433
2.9,6,1.79487,8.02564
2.4,8,1.79574,8.02553
2.3,8,1.79661,8.02542
2.5,7,1.79747,8.0211
2.5,7,1.79832,8.01681
1.5,8,1.79498,8.01674
1.5,10,1.79167,8.025
3.3,6,1.79668,8.0166
2.1,8,1.79752,8.01653
2.4,7,1.79835,8.01235
1.8,9,1.79508,8.01639
2.5,8,1.79592,8.01633
2.5,8,1.79675,8.01626
1.4,9,1.79352,8.02024
2.6,8,1.79435,8.02016
2.3,9,1.79518,8.0241
2.3,10,1.796,8.032
2.3,8,1.79681,8.03187
2.6,9,1.79762,8.03571
1.8,10,1.79447,8.04348
4,7,1.80315,8.03937
2.8,5,1.80392,8.02745
3,8,1.80859,8.02734
1.6,8,1.80545,8.02724
1.7,8,1.80233,8.02713
2,9,1.80309,8.03089
0.8,9,1.79615,8.03462
1.7,8,1.7931,8.03448
2.4,9,1.79389,8.03817
1.4,8,1.79087,8.03802
1.9,8,1.78788,8.03788
2.4,8,1.78868,8.03774
1.1,9,1.78571,8.04135
3,9,1.79026,8.04494
1.4,8,1.78731,8.04478
2,7,1.7881,8.04089
2.4,7,1.78889,8.03704
2.5,8,1.78967,8.0369
2.3,6,1.79044,8.02941
2.2,10,1.79121,8.03663
1.9,9,1.78832,8.04015
1.6,6,1.78545,8.03273
2.4,8,1.78623,8.03261
3.6,8,1.79061,8.03249
2.5,9,1.79137,8.03597
2.2,8,1.79211,8.03584
1.5,7,1.78929,8.03214
2,9,1.79004,8.03559
3.2,6,1.79433,8.02837
2.6,8,1.79505,8.02827
3.1,7,1.7993,8.02465
2.3,8,1.8,8.02456
1.2,8,1.7972,8.02448
2.3,8,1.79791,8.02439
2.5,7,1.79861,8.02083
2.3,6,1.79931,8.01384
2,9,1.8,8.01724
2.9,8,1.80069,8.01718
2.9,8,1.80137,8.01712
2.3,9,1.80205,8.02048
3,7,1.80612,8.01701
2.6,9,1.80678,8.02034
3.2,7,1.81081,8.01689
2.9,6,1.81145,8.0101
2.5,7,1.81208,8.00671
1.6,8,1.80936,8.00669
4.66667,2,4,2
2.5,5,2,5
0.833333,5,1,5
1.83333,5,1,5
0.666667,6,0.75,5.25
3,5,1.2,5.2
1,5,1.16667,5.16667
1.16667,5,1.14286,5.14286
2.33333,5,1.25,5.125
2,5,1.33333,5.11111
1.83333,5,1.3,5.1
1.66667,4,1.27273,5
0.833333,5,1.16667,5
0.5,5,1.07692,5
3.83333,5,1.21429,5
1.33333,5,1.2,5
2.16667,5,1.25,5
1.16667,5,1.23529,5
1.16667,5,1.22222,5
3.5,4,1.31579,4.94737
1.83333,6,1.3,5
2.33333,5,1.33333,5
2.66667,5,1.36364,5
0.333333,5,1.30435,5
2.83333,5,1.33333,5
1,5,1.32,5
2.33333,5,1.34615,5
1,4,1.33333,4.96296
1,6,1.32143,5
0.833333,6,1.27586,5.03448
1.16667,5,1.26667,5.03333
1.16667,6,1.25806,5.06452
1.16667,5,1.25,5.0625
1.5,5,1.24242,5.06061
0.833333,6,1.20588,5.08824
1.83333,5,1.2,5.08571
1.66667,6,1.19444,5.11111
2.16667,5,1.21622,5.10811
2.16667,5,1.23684,5.10526
2.16667,5,1.25641,5.10256
2.5,5,1.275,5.1
0.666667,5,1.2439,5.09756
1.66667,5,1.2381,5.09524
0.333333,5,1.2093,5.09302
2.33333,5,1.22727,5.09091
2.33333,5,1.24444,5.08889
1.5,5,1.23913,5.08696
1.16667,5,1.23404,5.08511
2.83333,4,1.25,5.0625
0.833333,6,1.22449,5.08163
1.83333,5,1.22,5.08
1,5,1.21569,5.07843
2.33333,5,1.23077,5.07692
0.5,6,1.20755,5.09434
0.5,6,1.18519,5.11111
0.333333,6,1.16364,5.12727
2.5,5,1.17857,5.125
1,6,1.17544,5.14035
0.833333,6,1.15517,5.15517
0.833333,4,1.13559,5.13559
2.5,4,1.15,5.11667
0.666667,5,1.13115,5.11475
0.666667,5,1.1129,5.1129
0.333333,6,1.09524,5.12698
1.16667,5,1.09375,5.125
2.5,4,1.10769,5.10769
1,5,1.10606,5.10606
3.83333,4,1.13433,5.08955
2.33333,5,1.14706,5.08824
1.33333,5,1.14493,5.08696
1.5,6,1.14286,5.1
1.5,5,1.14085,5.09859
1.66667,5,1.13889,5.09722
2.83333,5,1.15068,5.09589
1.66667,5,1.14865,5.09459
3.83333,5,1.17333,5.09333
2.33333,4,1.18421,5.07895
2.33333,4,1.19481,5.06494
1,5,1.19231,5.0641
1.66667,6,1.18987,5.07595
2.33333,5,1.2,5.075
1.66667,5,1,5
1.5,5,1,5
3.66667,3,3,3
2.16667,5,2.5,4
2.83333,5,2.33333,4.33333
2.16667,4,2.25,4.25
2.83333,2,2,2
1.66667,3,1.5,2.5
2.33333,3,1.66667,2.66667
2.66667,4,1.75,3
1.83333,6,1.6,3.6
3,4,1.83333,3.66667
1.83333,3,1.71429,3.57143
3.83333,2,1.875,3.375
2.5,5,1.88889,3.55556
2.33333,4,1.9,3.6
1,4,1.81818,3.63636
3.16667,3,1.91667,3.58333
1.66667,4,1.84615,3.61538
2.9,8,2,8
3.4,5,2.5,6.5
2.6,6,2.33333,6.33333
2.1,4,2.25,5.75
2.2,7,2.2,6
1.9,5,2,5.83333
2.2,5,2,5.71429
2.3,6,2,5.75
1.3,4,1.88889,5.55556
1.1,8,1.8,5.8
2.1,7,1.81818,5.90909
1.5,7,1.75,6
1.7,5,1.69231,5.92308
1.6,6,1.64286,5.92857
1.2,5,1.6,5.86667
1.4,6,1.5625,5.875
1.8,5,1.52941,5.82353
1.3,6,1.5,5.83333
0.9,7,1.42105,5.89474
2,5,1.45,5.85
2.2,4,1.47619,5.7619
1.5,5,1.45455,5.72727
2.1,5,1.47826,5.69565
1.7,7,1.45833,5.75
1.6,7,1.44,5.8
1.9,6,1.42308,5.80769
1.2,8,1.40741,5.88889
2.2,6,1.42857,5.89286
3,5,1.48276,5.86207
1.5,4,1.46667,5.8
1.5,6,1.45161,5.80645
1.6,6,1.4375,5.8125
2.3,5,1.45455,5.78788
1.5,4,1.44118,5.73529
2.8,8,1.45714,5.8
1.6,5,1.44444,5.77778
3.5,6,1.48649,5.78378
3.5,5,1.52632,5.76316
1.1,5,1.51282,5.74359
3.2,5,1.55,5.725
2.6,4,1.56098,5.68293
1.8,5,1.54762,5.66667
2.1,5,1.55814,5.65116
1,6,1.54545,5.65909
1.5,6,1.53333,5.66667
1.5,7,1.52174,5.69565
1.9,6,1.51064,5.70213
1.9,5,1.5,5.6875
2,6,1.5102,5.69388
1.8,5,1.5,5.68
1.9,7,1.4902,5.70588
2.8,5,1.5,5.69231
1.3,6,1.49057,5.69811
2.9,4,1.5,5.66667
3.5,4,1.52727,5.63636
1.2,6,1.51786,5.64286
2.1,5,1.52632,5.63158
2.2,4,1.53448,5.60345
2.4,7,1.54237,5.62712
2.4,6,1.55,5.63333
2.6,7,1.55738,5.65574
2.6,5,1.56452,5.64516
2.1,5,1.57143,5.63492
1,6,1.5625,5.64063
1.8,6,1.55385,5.64615
1.4,5,1.54545,5.63636
2.5,6,1.55224,5.64179
1.1,7,1.54412,5.66176
2.8,8,1.55072,5.69565
1.5,6,1.54286,5.7
1.3,9,1,9
1.6,9,1,9
1.6,10,1,9.33333
1.3,7,1,8.75
1.7,8,1,8.6
2.2,7,1.16667,8.33333
3.7,6,1.42857,8
2.3,7,1.5,7.875
2.5,5,1.55556,7.55556
2.2,7,1.6,7.5
1.1,9,1.54545,7.63636
1.8,8,1.5,7.66667
2.6,7,1.53846,7.61538
2.8,6,1.57143,7.5
1.8,10,1.53333,7.66667
2,8,1.5625,7.6875
1,10,1.52941,7.82353
2.4,7,1.55556,7.77778
3,6,1.63158,7.68421
2.2,9,1.65,7.75
3.1,8,1.71429,7.7619
2.3,9,1.72727,7.81818
2.6,7,1.73913,7.78261
1.8,8,1.70833,7.79167
1.7,5,1.68,7.68
1.9,8,1.65385,7.69231
2.4,9,1.66667,7.74074
2,9,1.67857,7.78571
1.9,7,1.65517,7.75862
1.8,9,1.63333,7.8
2.4,9,1.64516,7.83871
2.6,8,1.65625,7.84375
1.9,7,1.63636,7.81818
2.9,8,1.64706,7.82353
2.5,8,1.65714,7.82857
2.6,4,1.66667,7.72222
2.7,7,1.67568,7.7027
2.5,8,1.68421,7.71053
2.4,7,1.69231,7.69231
1.9,9,1.675,7.725
2.8,6,1.68293,7.68293
4.6,6,1.7381,7.64286
3.1,9,1.76744,7.67442
2.2,9,1.77273,7.70455
2.8,8,1.77778,7.71111
2.6,8,1.78261,7.71739
3.9,6,1.80851,7.68085
2.7,7,1.8125,7.66667
2.7,7,1.81633,7.65306
3.1,9,1.84,7.68
2.6,7,1.84314,7.66667
3.1,7,1.86538,7.65385
2.9,5,1.86792,7.60377
2.6,6,1.87037,7.57407
1.2,8,1.85455,7.58182
2.1,9,1.85714,7.60714
1.9,10,1.84211,7.64912
2.4,7,1.84483,7.63793
2.2,6,1.84746,7.61017
3.2,7,1.86667,7.6
3.1,6,1.88525,7.57377
1.2,8,1.87097,7.58065
2.3,9,1.87302,7.60317
2.8,7,1.875,7.59375
1.9,8,1.86154,7.6
2.6,9,1.86364,7.62121
0.8,10,1.83582,7.65672
2.6,9,1.83824,7.67647
1.7,8,1.82609,7.68116
2.8,7,1.82857,7.67143
3.4,6,1.84507,7.64789
2.2,9,1.84722,7.66667
2.8,8,1.84932,7.67123
3.1,5,3,5
2.6,9,2.5,7
2.7,6,2.33333,6.66667
2.4,5,2.25,6.25
1.3,8,2,6.6
2.9,7,2,6.66667
2.3,5,2,6.42857
2,7,2,6.5
2.1,7,2,6.55556
2.7,7,2,6.6
1.9,7,1.90909,6.63636
2,6,1.91667,6.58333
3.8,7,2,6.61538
1.1,7,1.92857,6.64286
2.4,6,1.93333,6.6
2.6,6,1.9375,6.5625
2.9,5,1.94118,6.47059
2.1,5,1.94444,6.38889
2.9,7,1.94737,6.42105
1.7,6,1.9,6.4
1.5,7,1.85714,6.42857
1.6,6,1.81818,6.40909
2.7,6,1.82609,6.3913
2.5,7,1.83333,6.41667
2.8,5,1.84,6.36
1.6,7,1.80769,6.38462
1.7,5,1.77778,6.33333
2.4,5,1.78571,6.28571
1.6,7,1.75862,6.31034
1.9,8,1.73333,6.36667
3.9,6,1.77419,6.35484
1.8,7,1.75,6.375
2.8,5,1.75758,6.33333
3,6,1.79412,6.32353
2.4,7,1.8,6.34286
2.6,6,1.80556,6.33333
2,8,1.81081,6.37838
2.8,6,1.81579,6.36842
3,6,1.84615,6.35897
2.7,5,1.85,6.325
2.8,5,1.85366,6.29268
2.2,5,1.85714,6.2619
2.7,9,1.86047,6.32558
2.5,7,1.86364,6.34091
1.3,6,1.84444,6.33333
3.3,7,1.86957,6.34783
2.4,6,1.87234,6.34043
2.2,6,1.875,6.33333
2,6,1.87755,6.32653
2,6,1.88,6.32
4.5,6,1.92157,6.31373
3.1,6,1.94231,6.30769
2.3,7,1.9434,6.32075
1.5,6,1.92593,6.31481
1.7,7,1.90909,6.32727
1.4,6,1.89286,6.32143
1.5,8,1.87719,6.35088
1,6,1.86207,6.34483
1.8,6,1.84746,6.33898
1.6,7,1.83333,6.35
2,6,1.83607,6.34426
3.3,5,1.85484,6.32258
2.3,8,1.85714,6.34921
2.4,6,1.85938,6.34375
1.3,8,1.84615,6.36923
1.8,6,1.83333,6.36364
2.4,7,1.83582,6.37313
2.8,8,1.83824,6.39706
3,7,1.85507,6.4058
2.8,6,1.85714,6.4
4.2,5,1.88732,6.38028
1.3,7,1.875,6.38889
2.1,8,1.87671,6.41096
1.7,8,1.86486,6.43243
1.9,8,1.85333,6.45333
3.6,5,1.86842,6.43421
2.3,6,1.87013,6.42857
2.5,7,1.87179,6.4359
2.1,6,1.87342,6.43038
2,8,2,8
2.6,8,2,8
2.7,9,2,8.33333
2.7,9,2,8.5
2.7,9,2,8.6
3.6,7,2.16667,8.33333
2.3,9,2.14286,8.42857
2.3,8,2.125,8.375
1.9,8,2,8.33333
2.8,8,2,8.3
1.4,10,1.90909,8.45455
2,9,1.91667,8.5
2.4,10,1.92308,8.61538
2.3,9,1.92857,8.64286
1.9,10,1.86667,8.73333
2,9,1.875,8.75
2,9,1.88235,8.76471
2.3,10,1.88889,8.83333
1.3,9,1.84211,8.84211
1.1,9,1.8,8.85
1.9,9,1.7619,8.85714
2.5,9,1.77273,8.86364
1.2,8,1.73913,8.82609
1,10,1.70833,8.875
3.2,8,1.76,8.84
1,10,1.73077,8.88462
2.4,8,1.74074,8.85185
2.1,9,1.75,8.85714
1.9,10,1.72414,8.89655
1,10,1.7,8.93333
1.5,9,1.67742,8.93548
2.8,10,1.6875,8.96875
1.9,9,1.66667,8.9697
2,9,1.67647,8.97059
3.2,7,1.71429,8.91429
2.6,9,1.72222,8.91667
1.5,10,1.7027,8.94595
1.5,10,1.68421,8.97368
1.3,10,1.66667,9
1.6,9,1.65,9
0.6,10,1.60976,9.02439
0.6,10,1.57143,9.04762
2.5,9,1.5814,9.04651
1.9,9,1.56818,9.04545
2.1,10,1.57778,9.06667
1.9,10,1.56522,9.08696
2.8,8,1.57447,9.06383
3.8,9,1.60417,9.0625
2.8,10,1.61224,9.08163
1.8,9,1.6,9.08
3.2,8,1.62745,9.05882
2.1,8,1.63462,9.03846
3.6,9,1.66038,9.03774
2.1,10,1.66667,9.05556
2.1,10,1.67273,9.07273
1.7,9,1.66071,9.07143
2.7,10,1.66667,9.08772
1.9,9,1.65517,9.08621
4,10,1.69492,9.10169
1.8,9,1.68333,9.1
0.7,9,1.65574,9.09836
1.8,10,1.64516,9.1129
1.4,10,1.63492,9.12698
2.7,9,1.64063,9.125
1.1,10,1.63077,9.13846
1.8,10,1.62121,9.15152
2.6,9,1.62687,9.14925
2.3,10,1.63235,9.16176
2,7,2,7
2.4,6,2,6.5
2.6,6,2,6.33333
3.8,6,2.25,6.25
2.3,5,2.2,6
2.4,6,2.16667,6
1.4,4,2,5.71429
2.3,4,2,5.5
2.1,3,2,5.22222
2,2,2,4.9
1.7,3,1.90909,4.72727
1.8,3,1.83333,4.58333
3.3,2,1.92308,4.38462
1.2,5,1.85714,4.42857
1.9,4,1.8,4.4
2.1,3,1.8125,4.3125
3.1,5,1.88235,4.35294
3,3,1.94444,4.27778
2.5,2,1.94737,4.15789
2,7,2,7
2.4,4,2,5.5
3.3,5,2.33333,5.33333
3.5,3,2.5,4.75
1.8,3,2.2,4.4
2.2,3,2.16667,4.16667
1.5,6,2,4.42857
2.5,4,2,4.375
3.9,2,2.11111,4.11111
2.7,3,2.1,4
1.8,6,2,4.18182
3.2,4,2.08333,4.16667
2.3,5,2.07692,4.23077
3,4,2.14286,4.21429
2.9,5,2.13333,4.26667
1.2,5,2.0625,4.3125
2.6,5,2.05882,4.35294
2.7,3,2.05556,4.27778
2.1,2,2.05263,4.15789
2.5,5,2.05,4.2
2.1,3,2.04762,4.14286
1.5,6,2,4.22727
2.3,6,2,4.30435
3.1,3,2.04167,4.25
1.6,4,2,4.24
1.7,4,1.96154,4.23077
0.8,8,1.88889,4.37037
2.8,3,1.89286,4.32143
1.9,3,1.86207,4.27586
2.2,3,1.86667,4.23333
1.4,4,1.83871,4.22581
2.7,4,1.84375,4.21875
1.6,4,1.81818,4.21212
2.5,3,1.82353,4.17647
2,4,1.82857,4.17143
2.2,3,1.83333,4.13889
2.4,4,1.83784,4.13514
2.3,5,1.84211,4.15789
2.1,3,1.84615,4.12821
1.6,6,1.825,4.175
1.1,4,1.80488,4.17073
0.7,6,1.7619,4.21429
1.5,4,1.74419,4.2093
1.8,7,1.72727,4.27273
1.4,5,1.71111,4.28889
1.9,5,1.69565,4.30435
1.9,4,1.68085,4.29787
2.2,3,1.6875,4.27083
2.1,5,1.69388,4.28571
1.9,4,1.68,4.28
1.3,6,1.66667,4.31373
2.8,5,1.67308,4.32692
1.8,5,1.66038,4.33962
1.6,6,1.64815,4.37037
1.5,5,1.63636,4.38182
1.7,6,1.625,4.41071
2.3,4,1.63158,4.40351
2.4,3,1.63793,4.37931
2.7,2,1.64407,4.33898
4.5,2,1.68333,4.3
1.9,6,1.67213,4.32787
2.5,5,1.67742,4.33871
2,4,1.68254,4.33333
2.7,5,1.6875,4.34375
2.6,4,1.69231,4.33846
2.5,6,1.69697,4.36364
2.1,5,1.70149,4.37313
3,4,1.72059,4.36765
3.9,4,1.73913,4.36232
3.5,5,1.75714,4.37143
2.7,9,2,9
1.7,7,1.5,8
2.3,8,1.66667,8
2.1,7,1.75,7.75
1.7,9,1.6,8
1.9,9,1.5,8.16667
3.3,7,1.71429,8
3.1,8,1.875,8
2.4,7,1.88889,7.88889
3.5,7,2,7.8
3.2,8,2.09091,7.81818
2.1,9,2.08333,7.91667
3.9,7,2.15385,7.84615
2.4,7,2.14286,7.78571
1.9,7,2.06667,7.73333
2.5,9,2.0625,7.8125
2.2,8,2.05882,7.82353
2.2,4,2.05556,7.61111
1.7,7,2,7.57895
4.1,8,2.1,7.6
2.3,6,2.09524,7.52381
3.1,7,2.13636,7.5
1.9,7,2.08696,7.47826
1.8,6,2.04167,7.41667
1.8,6,2,7.36
2.4,5,2,7.26923
3.4,7,2.03704,7.25926
3.9,8,2.07143,7.28571
3.2,6,2.10345,7.24138
2.6,9,2.1,7.3
1.4,9,2.06452,7.35484
2.1,7,2.0625,7.34375
2.5,7,2.06061,7.33333
3,6,2.08824,7.29412
2.6,6,2.08571,7.25714
2.3,6,2.08333,7.22222
2.3,5,2.08108,7.16216
2.6,7,2.07895,7.15789
1.1,5,2.05128,7.10256
3.4,4,2.075,7.025
2.1,6,2.07317,7
1.4,8,2.04762,7.02381
3.4,6,2.06977,7
2.9,8,2.06818,7.02273
3,6,2.08889,7
1,6,2.06522,6.97826
0.9,7,2.02128,6.97872
1.2,4,2,6.91667
2.2,6,2,6.89796
2.5,4,2,6.84
2.2,8,2,6.86275
2.7,9,2,6.90385
3.3,5,2.01887,6.86792
2,6,2.01852,6.85185
1.8,7,2,6.85455
2.2,5,2,6.82143
2.2,6,2,6
3.1,6,2.5,6
2.1,6,2.33333,6
2.3,4,2.25,5.5
2.3,3,2.2,5
1.8,4,2,4.83333
2.8,5,2,4.85714
2.2,5,2,4.875
1.3,6,1.88889,5
3.5,4,2,4.9
2.5,5,2,4.90909
1.3,7,1.91667,5.08333
3.4,3,2,4.92308
3.1,3,2.07143,4.78571
2.9,2,2.06667,4.6
1.4,4,2,4.5625
1.4,4,1.94118,4.52941
0.8,4,1.83333,4.5
1.9,4,1.78947,4.47368
2.6,3,1.8,4.4
2,4,1.80952,4.38095
1.2,4,1.77273,4.36364
1.3,3,1.73913,4.30435
2.1,2,1.75,4.20833
1.5,5,1.72,4.24
2,3,1.73077,4.19231
2.4,3,1.74074,4.14815
2.1,5,1.75,4.17857
2,5,1.75862,4.2069
2.7,4,1.76667,4.2
1.9,4,1.74194,4.19355
2.1,5,1.75,4.21875
1.9,2,1.72727,4.15152
1.5,3,1.70588,4.11765
2.76667,15,2,15
2.4,14,2,14.5
3.03333,8,2.33333,12.3333
2.7,11,2.25,12
1.53333,15,2,12.6
1.93333,18,1.83333,13.5
2.46667,12,1.85714,13.2857
2.66667,18,1.875,13.875
2.53333,12,1.88889,13.6667
1.86667,12,1.8,13.5
3,10,1.90909,13.1818
0.9,18,0,18
0.533333,19,0,18.5
0.6,16,0,17.6667
0.5,16,0,17.25
0.933333,18,0,17.4
0.566667,17,0,17.3333
0.7,16,0,17.1429
0.866667,16,0,17
0.8,20,0,17.3333
0.6,17,0,17.3
0.5,19,0,17.4545
0.7,17,0,17.4167
0.866667,20,0,17.6154
0.933333,16,0,17.5
1,19,0.0666667,17.6
0.733333,19,0.0625,17.6875
0.566667,21,0.0588235,17.8824
0.8,18,0.0555556,17.8889
0.433333,17,0.0526316,17.8421
1.06667,18,0.1,17.85
0.7,19,0.0952381,17.9048
0.933333,17,0.0909091,17.8636
0.433333,11,0,11
0.4,12,0,11.5
0.4,10,0,11
0.233333,10,0,10.75
0.3,8,0,10.2
0.233333,9,0,10
0.266667,7,0,9.57143
0.3,7,0,9.25
0.333333,10,0,9.33333
0.533333,9,0,9.3
0.266667,9,0,9.27273
0.333333,12,0,9.5
0.466667,9,0,9.46154
0.5,11,0,9.57143
0.266667,7,0,9.4
0.3,9,0,9.375
0.333333,9,0,9.35294
0.266667,11,0,9.44444
0.466667,5,0,9.21053
0.2,7,0,9.1
0.166667,7,0,9
0.4,9,0,9
0.333333,5,0,8.82609
0.233333,6,0,8.70833
0.366667,8,0,8.68
0.2,6,0,8.57692
0.233333,8,0,8.55556
0.5,7,0,8.5
0.366667,4,0,8.34483
0.233333,7,0,8.3
0.333333,4,0,8.16129
0.2,5,0,8.0625
0.0666667,9,0,8.09091
0.2,5,0,8
0.133333,6,0,7.94286
0.133333,9,0,7.97222
0.2,4,0,7.86486
0.133333,5,0,7.78947
0.5,8,0,7.79487
0.5,10,0,7.85
0.466667,7,0,7.82927
0.233333,6,0,7.78571
0.2,9,0,7.81395
0.1,8,0,7.81818
0.3,7,0,7.8
0.233333,4,0,7.71739
0.2,10,0,7.76596
0.266667,7,0,7.75
0.233333,8,0,7.7551
0.333333,8,0,7.76
0.3,7,0,7.7451
0.333333,7,0,7.73077
0.333333,9,0,7.75472
0.3,6,0,7.72222
0.333333,6,0,7.69091
0.333333,8,0,7.69643
0.466667,10,0,7.73684
0.5,6,0,7.7069
0.466667,7,0,7.69492
0.266667,6,0,7.66667
0.366667,11,0,7.72131
0.5,7,0,7.70968
0.466667,8,0,7.71429
0.366667,10,0,7.75
0.4,2,0,7.66154
0.233333,12,0,7.72727
0.266667,4,0,7.67164
0.366667,11,0,7.72059
0.333333,12,0,7.78261
0.233333,9,0,7.8
0.333333,4,0,7.74648
0.233333,7,0,7.73611
0.2,8,0,7.73973
0.266667,9,0,7.75676
0.4,6,0,7.73333
0.1,9,0,7.75
0.166667,5,0,7.71429
0.233333,2,0,7.64103
0.266667,7,0,7.63291
0.266667,5,0,7.6
0.166667,4,0,7.55556
0.166667,4,0,7.5122
0.0666667,4,0,7.46988
0.3,3,0,7.41667
0.133333,2,0,7.35294
0.0666667,3,0,7.30233
0.0333333,4,0,7.26437
0.0666667,2,0,7.20455
0.266667,6,0,7.19101
0.0666667,4,0,7.15556
0.166667,1,0,7.08791
0.1,5,0,7.06522
0.166667,6,0,7.05376
0.133333,1,0,6.98936
0.0666667,7,0,6.98947
0.0333333,2,0,6.9375
0.0333333,2,0,6.8866
0.166667,4,0,6.85714
0.133333,3,0,6.81818
0.1,3,0,6.78
0.0333333,3,0,6.74257
0,3,0,6.70588
0,2,0,6.66019
0.0333333,3,0,6.625
0,3,0,6.59048
0,1,0,6.53774
0,4,0,6.51402
0,3,0,6.48148
0,5,0,6.46789
0,5,0,6.45455
0.766667,16,0,16
0.433333,16,0,16
0.466667,19,0,19
0.2,18,0,18.5
0.3,12,0,16.3333
0.333333,13,0,15.5
0.333333,10,0,14.4
0.166667,14,0,14.3333
0.133333,14,0,14.2857
0.433333,11,0,13.875
0.2,10,0,13.4444
0.0666667,16,0,13.7
0.133333,14,0,13.7273
0.433333,9,0,13.3333
0.233333,14,0,13.3846
0.666667,24,0,24
0.433333,24,0,24
0.333333,27,0,25
0.5,27,0,25.5
0.733333,24,0,25.2
0.8,24,0,25
0.7,21,0,24.4286
0.7,18,0,23.625
0.5,20,0,23.2222
0.0666667,16,0,22.5
0.166667,20,0,22.2727
0.433333,16,0,21.75
0.466667,14,0,21.1538
0.433333,12,0,20.5
0.2,10,0,19.8
0.266667,12,0,19.3125
0.333333,8,0,18.6471
0.433333,15,0,18.4444
0.466667,8,0,17.8947
0.533333,5,0,17.25
0.566667,7,0,16.7619
0.6,6,0,16.2727
0.6,8,0,15.913
0.5,4,0,15.4167
0.733333,6,0,15.04
0.3,4,0,14.6154
0.566667,3,0,14.1852
0.566667,9,0,14
0.8,3,0,13.6207
0.1,2,0,13.2333
0.133333,0,0,12.8065
0.233333,3,0,12.5
0.2,3,0,12.2121
0.4,4,0,11.9706
0.633333,6,0,11.8
0.566667,5,0,11.6111
0.3,9,0,11.5405
0.4,5,0,11.3684
0.333333,8,0,11.2821
0.7,8,0,11.2
0.5,3,0,11
0.533333,6,0,10.881
0.666667,4,0,10.7209
1.16667,8,0.0227273,10.6591
0.933333,4,0.0222222,10.5111
0.533333,12,0.0217391,10.5435
0.666667,11,0.0212766,10.5532
0.4,11,0.0208333,10.5625
0.766667,6,0.0204082,10.4694
0.6,11,0.02,10.48
0.533333,10,0.0196078,10.4706
0,14,0.0192308,10.5385
0.1,8,0.0188679,10.4906
0.2,5,0.0185185,10.3889
0.133333,3,0.0181818,10.2545
0.4,12,0,12
0.2,12,0,12
0.233333,8,0,10.6667
0.2,12,0,11
0.5,11,0,11
0.2,10,0,10.8333
0.133333,12,0,11
0.5,6,0,10.375
0.233333,9,0,10.2222
0.5,5,0,9.7
0.3,22,0,22
0.266667,17,0,19.5
0.333333,20,0,19.6667
0.5,13,0,18
0.233333,14,0,17.2
0.433333,15,0,16.8333
0.533333,14,0,16.4286
0.3,19,0,16.75
0.5,13,0,16.3333
0.633333,9,0,15.6
0.7,13,0,15.3636
0.666667,15,0,15.3333
0.633333,16,0,15.3846
0.533333,12,0,15.1429
0.833333,15,0,15.1333
0.7,15,0,15.125
0.666667,15,0,15.1176
0.9,9,0,14.7778
0.866667,10,0,14.5263
0.8,10,0,14.3
0.7,11,0,14.1429
0.533333,21,0,14.4545
0.633333,14,0,14.4348
0.766667,20,0,14.6667
0.566667,12,0,14.56
0.8,18,0,14.6923
0.6,16,0,14.7407
0.333333,15,0,14.75
0.466667,16,0,14.7931
0.566667,15,0,14.8
0.733333,16,0,14.8387
0.566667,16,0,14.875
0.466667,18,0,14.9697
0.4,17,0,15.0294
0.466667,21,0,15.2
0.133333,15,0,15.1944
0.1,15,0,15.1892
0.433333,11,0,15.0789
0.666667,15,0,15.0769
0.333333,21,0,15.225
0.7,18,0,15.2927
0.6,16,0,15.3095
0.433333,20,0,15.4186
0.433333,23,0,23
0.5,21,0,22
0.433333,21,0,21.6667
0.366667,18,0,20.75
0.433333,18,0,18
0.266667,16,0,17
0.2,17,0,17
0.1,12,0,15.75
0.4,12,0,15
0.3,9,0,14
0.433333,12,0,13.7143
0.433333,9,0,13.125
0.833333,9,0,12.6667
0.266667,9,0,12.3
0.366667,11,0,12.1818
0.466667,13,0,12.25
0.333333,11,0,12.1538
0.466667,14,0,12.2857
0.366667,11,0,12.2
0.433333,12,0,12.1875
0.333333,13,0,12.2353
0.633333,14,0,12.3333
0.433333,15,0,12.4737
0.433333,16,0,12.65
0.433333,12,0,12.619
0.366667,13,0,12.6364
0.6,10,0,12.5217
0.366667,12,0,12.5
0.366667,13,0,12.52
0.266667,17,0,12.6923
0.266667,13,0,12.7037
0.133333,12,0,12.6786
0.366667,12,0,12.6552
0.266667,10,0,12.5667
0.4,8,0,12.4194
0.3,11,0,12.375
0.433333,12,0,12.3636
0.366667,11,0,12.3235
0.366667,11,0,12.2857
0.4,10,0,12.2222
0.433333,9,0,12.1351
0.466667,8,0,12.0263
0.466667,6,0,11.8718
0.3,9,0,11.8
0.533333,11,0,11
0.533333,11,0,11
0.4,11,0,11
0.133333,13,0,11.5
0.533333,12,0,11.6
0.333333,11,0,11.5
0.633333,15,0,15
0.6,14,0,14.5
0.966667,12,0,13.6667
0.533333,17,0,14.5
1.36667,18,0.2,15.2
0.766667,20,0.166667,16
1.33333,13,0.285714,15.5714
0.866667,20,0.25,16.125
0.866667,20,0.222222,16.5556
1.26667,17,0.3,16.6
0.633333,19,0.272727,16.8182
0.666667,16,0.25,16.75
0.966667,17,0.230769,16.7692
0.6,16,0.214286,16.7143
1.06667,17,0.266667,16.7333
1,19,0.3125,16.875
0.933333,19,0.294118,17
0.733333,18,0.277778,17.0556
1.03333,17,0.315789,17.0526
0.8,16,0.3,17
0.7,17,0.285714,17
1.06667,16,0.318182,16.9545
1.13333,17,1,17
1,15,1,16
0.933333,15,0.666667,15.6667
1,20,0.75,16.75
0.633333,14,0.6,16.2
0.9,13,0.5,15.6667
0.766667,13,0.428571,15.2857
0.9,16,0.375,15.375
0.933333,16,0.333333,15.4444
0.733333,16,0.3,15.5
0.566667,16,0.272727,15.5455
0.966667,18,0.25,15.75
0.9,20,0.230769,16.0769
1.4,18,0.285714,16.2143
0.833333,16,0.266667,16.2
0.633333,15,0.25,16.125
1.13333,16,0.294118,16.1176
0.966667,18,0.277778,16.2222
0.733333,14,0.263158,16.1053
0.866667,14,0.25,16
0.633333,14,0.238095,15.9048
0.6,14,0.227273,15.8182
0.4,10,0.217391,15.5652
0.866667,12,0.208333,15.4167
0.766667,14,0.2,15.36
0.6,14,0.192308,15.3077
0.6,14,0.185185,15.2593
0.6,14,0.178571,15.2143
0.733333,17,0.172414,15.2759
0.566667,17,0.166667,15.3333
0.5,14,0.16129,15.2903
0.366667,15,0.15625,15.2813
0.6,15,0.151515,15.2727
0.8,13,0.147059,15.2059
0.6,12,0.142857,15.1143
0.533333,9,0.138889,14.9444
0.566667,12,0.135135,14.8649
0.5,11,0.131579,14.7632
0.333333,12,0.128205,14.6923
0.4,10,0.125,14.575
0.4,9,0.121951,14.439
0.266667,9,0.119048,14.3095
0.0666667,7,0.116279,14.1395
0.433333,10,0.113636,14.0455
0.266667,10,0.111111,13.9556
0.166667,12,0.108696,13.913
0.166667,13,0.106383,13.8936
0.2,8,0.104167,13.7708
0.533333,11,0.102041,13.7143
0.433333,10,0.1,13.64
0.3,10,0.0980392,13.5686
0.2,9,0.0961538,13.4808
0.5,12,0,12
0.7,12,0,12
0.8,14,0,14
0.4,15,0,14.5
0.566667,15,0,14.6667
0.633333,9,0,13.25
0.333333,11,0,12.8
0.633333,14,0,13
0.566667,14,0,13.1429
0.533333,15,0,13.375
0.366667,16,0,13.6667
0.533333,12,0,13.5
0.6,15,0,13.6364
0.566667,12,0,13.5
0.4,11,0,13.3077
0.3,14,0,13.3571
0.4,14,0,13.4
0.433333,14,0,13.4375
0.5,13,0,13.4118
0.3,12,0,13.3333
0.466667,9,0,13.1053
0.2,12,0,13.05
0.3,11,0,12.9524
0.266667,11,0,12.8636
0.1,10,0,12.7391
0.3,8,0,12.5417
0.2,11,0,12.48
0.6,10,0,12.3846
0.333333,12,0,12.3704
0.366667,11,0,12.3214
0.133333,11,0,12.2759
0.3,6,0,12.0667
0.133333,9,0,11.9677
0.3,6,0,11.7813
0.466667,9,0,11.697
0.3,8,0,11.5882
0.166667,7,0,11.4571
0.366667,5,0,11.2778
0.366667,8,0,11.1892
0.266667,10,0,11.1579
0.233333,10,0,11.1282
0.4,9,0,11.075
0.366667,7,0,10.9756
0.166667,9,0,10.9286
0.466667,9,0,10.8837
0.4,9,0,10.8409
0.266667,9,0,10.8
0.266667,13,0,10.8478
0.466667,10,0,10.8298
0.3,7,0,10.75
0.1,5,0,10.6327
0.133333,8,0,10.58
0.2,5,0,10.4706
0.2,5,0,10.3654
0.333333,5,0,10.2642
0.166667,9,0,10.2407
0.166667,10,0,10.2364
0.4,7,0,10.1786
0.6,9,0,10.1579
0.233333,15,0,10.2414
0.433333,11,0,10.2542
0.5,11,0,10.2667
0.266667,10,0,10.2623
0.366667,11,0,10.2742
0.6,15,0,15
0.6,16,0,15.5
0.866667,12,0,14.3333
0.833333,13,0,14
0.533333,11,0,13.4
0.333333,10,0,12.8333
0.5,8,0,12.1429
0.533333,7,0,11.5
0.233333,4,0,10.6667
0.233333,5,0,10.1
0.3,3,0,9.45455
0.3,7,0,9.25
0.333333,2,0,8.69231
0.133333,5,0,8.42857
0.3,2,0,8
0.266667,2,0,7.625
0.4,2,0,7.29412
1.2,17,1,17
1.13333,17,1,17
0.533333,20,0.666667,18
1.03333,18,0.75,18
0.866667,20,0.6,18.4
0.866667,18,0.5,18.3333
0.566667,19,0.428571,18.4286
0.933333,15,0.375,18
1.13333,14,0.444444,17.5556
0.733333,10,0.4,16.8
0.733333,10,0.363636,16.1818
0.533333,11,0.333333,15.75
0.4,9,0.307692,15.2308
0.466667,14,0.285714,15.1429
0.533333,8,0.266667,14.6667
0.533333,7,0.25,14.1875
0.433333,10,0.235294,13.9412
0.3,9,0.222222,13.6667
0.4,9,0.210526,13.4211
0.3,6,0.2,13.05
0.2,10,0.190476,12.9048
0.633333,11,0.181818,12.8182
0.466667,12,0.173913,12.7826
0.5,12,0.166667,12.75
0.3,11,0.16,12.68
0.6,11,0.153846,12.6154
0.766667,8,0.148148,12.4444
0.0666667,7,0.142857,12.25
0.6,6,0.137931,12.0345
0.7,9,0.133333,11.9333
0.833333,10,0.129032,11.871
0.6,8,0.125,11.75
0.333333,10,0.121212,11.697
0.333333,11,0.117647,11.6765
0.733333,6,0.114286,11.5143
0.266667,7,0.111111,11.3889
0.366667,8,0.108108,11.2973
0.3,4,0.105263,11.1053
0.533333,6,0.102564,10.9744
0.433333,9,0.1,10.925
0.833333,12,0.097561,10.9512
0.6,10,0.0952381,10.9286
0.733333,8,0.0930233,10.8605
0.766667,10,0.0909091,10.8409
0.833333,12,0.0888889,10.8667
0.633333,12,0.0869565,10.8913
0.266667,10,0.0851064,10.8723
0.333333,6,0.0833333,10.7708
0.5,9,0.0816327,10.7347
0.466667,7,0.08,10.66
0.366667,12,0.0784314,10.6863
0.533333,9,0.0769231,10.6538
0.766667,10,0.0754717,10.6415
0.633333,10,0.0740741,10.6296
0.466667,11,0.0727273,10.6364
0.333333,9,0.0714286,10.6071
0.466667,8,0.0701754,10.5614
0.5,9,0.0689655,10.5345
0.666667,8,0.0677966,10.4915
0.6,8,0.0666667,10.45
0.633333,10,0.0655738,10.4426
0.666667,10,0.0645161,10.4355
0.533333,8,0.0634921,10.3968
0.8,11,0.0625,10.4063
0.433333,7,0.0615385,10.3538
0.433333,7,0.0606061,10.303
0.766667,8,0.0597015,10.2687
0.666667,8,0.0588235,10.2353
0.833333,9,0.057971,10.2174
0.6,8,0.0571429,10.1857
0.6,18,0,18
0.6,15,0,16.5
0.533333,17,0,16.6667
1.06667,17,0.25,16.75
0.7,16,0.2,16.6
0.7,18,0.166667,16.8333
0.6,16,0.142857,16.7143
0.533333,19,0.125,17
0.8,17,0.111111,17
0.866667,17,0.1,17
0.6,17,0.0909091,17
1.1,16,0.166667,16.9167
0.966667,18,0.153846,17
0.833333,16,0.142857,16.9286
0.666667,14,0.133333,16.7333
0.766667,9,0.125,16.25
0.8,10,0.117647,15.8824
0.633333,11,0.111111,15.6111
0.7,11,0.105263,15.3684
0.733333,17,0,17
0.733333,19,0,18
0.5,17,0,17.6667
0.933333,16,0,17.25
0.7,15,0,16.8
0.566667,9,0,15.5
0.433333,11,0,14.8571
0.366667,9,0,14.125
0.3,8,0,13.4444
0.3,9,0,13
0.166667,6,0,12.3636
0.333333,8,0,12
0.3,4,0,11.3846
0.2,7,0,11.0714
0.3,9,0,10.9333
0.266667,8,0,10.75
0.233333,9,0,10.6471
0.3,8,0,10.5
0.466667,6,0,10.2632
0.333333,10,0,10.25
0.166667,8,0,10.1429
0.266667,9,0,10.0909
0.433333,8,0,10
0.333333,8,0,9.91667
0.366667,6,0,9.76
0.633333,11,0,9.80769
0.166667,7,0,9.7037
0.3,8,0,9.64286
0.266667,8,0,9.58621
0.2,8,0,9.53333
0.366667,10,0,9.54839
0.2,8,0,9.5
0.433333,9,0,9.48485
0.3,11,0,9.52941
0.366667,6,0,9.42857
1.06667,8,0.0277778,9.38889
0.433333,8,0.027027,9.35135
0.8,6,0.0263158,9.26316
0.4,5,0.025641,9.15385
0.466667,3,0.025,9
0.666667,10,0.0243902,9.02439
0.6,7,0.0238095,8.97619
0.633333,7,0.0232558,8.93023
0.533333,6,0.0227273,8.86364
0.733333,6,0.0222222,8.8
0.633333,8,0.0217391,8.78261
0.833333,10,0.0212766,8.80851
0.366667,7,0.0208333,8.77083
0.533333,8,0.0204082,8.7551
0.533333,11,0.02,8.8
0.466667,12,0.0196078,8.86275
0.866667,9,0.0192308,8.86538
0.7,13,0.0188679,8.9434
0.833333,9,0.0185185,8.94444
0.8,10,0.0181818,8.96364
0.833333,10,0.0178571,8.98214
0.533333,5,0.0175439,8.91228
0.8,7,0.0172414,8.87931
1.03333,7,0.0338983,8.84746
0.6,8,0.0333333,8.83333
0.566667,9,0.0327869,8.83607
0.933333,10,0.0322581,8.85484
0.833333,9,0.031746,8.85714
1.3,13,0.046875,8.92188
1.43333,15,0.0615385,9.01538
1.36667,12,0.0757576,9.06061
1.16667,10,0.0895522,9.07463
1.63333,14,0.102941,9.14706
1.33333,14,0.115942,9.21739
1.03333,13,0.128571,9.27143
0.6,12,0.126761,9.30986
0.966667,11,0.125,9.33333
0.466667,10,0.123288,9.34247
0.766667,10,0.121622,9.35135
0.933333,9,0.12,9.34667
0.8,10,0.118421,9.35526
0.533333,8,0.116883,9.33766
0.8,7,0.115385,9.30769
1.06667,7,0.126582,9.27848
0.966667,8,0.125,9.2625
0.866667,8,0.123457,9.24691
0.933333,7,0.121951,9.21951
1.23333,8,0.13253,9.20482
0.7,14,0.130952,9.2619
1.3,9,0.141176,9.25882
1.76667,10,0.151163,9.26744
1,14,0.16092,9.32184
1.1,13,0.170455,9.36364
0.833333,14,0.168539,9.41573
1.83333,9,0.177778,9.41111
1.3,9,0.186813,9.40659
0.933333,13,0.184783,9.44565
0.866667,12,0.182796,9.47312
1.3,11,0.191489,9.48936
0.8,13,0.189474,9.52632
0.466667,14,0.1875,9.57292
0.566667,13,0.185567,9.60825
0.666667,10,0.183673,9.61224
0.533333,9,0.181818,9.60606
0.533333,9,0.18,9.6
0.533333,10,0.178218,9.60396
0.566667,10,0.176471,9.60784
0.233333,11,0.174757,9.62136
0.7,11,0.173077,9.63462
0.833333,13,0.171429,9.66667
0.533333,9,0.169811,9.66038
0.833333,10,0.168224,9.66355
0.3,9,0.166667,9.65741
0.266667,6,0.165138,9.62385
0.766667,9,0.163636,9.61818
0.766667,9,0.162162,9.61261
0.766667,12,0.160714,9.63393
0.433333,12,0.159292,9.65487
0.633333,14,0.157895,9.69298
0.533333,14,0.156522,9.73043
0.7,15,0.155172,9.77586
0.766667,18,0.153846,9.84615
0.633333,15,0.152542,9.88983
0.666667,14,0.151261,9.92437
0.766667,11,0.15,9.93333
0.466667,13,0.14876,9.95868
0.466667,11,0.147541,9.96721
0.4,9,0.146341,9.95935
0.5,14,0.145161,9.99194
0.7,13,0.144,10.016
0.5,15,0.142857,10.0556
0.9,14,0.141732,10.0866
0.933333,13,0.140625,10.1094
0.5,12,0.139535,10.124
0.533333,12,0.138462,10.1385
1.03333,13,0.145038,10.1603
0.833333,14,0.143939,10.1894
0.766667,13,0.142857,10.2105
0.6,14,0.141791,10.2388
1.33333,14,0.148148,10.2667
0.666667,11,0.147059,10.2721
1.03333,14,0.153285,10.2993
1.26667,10,0.15942,10.2971
1.1,14,0.165468,10.3237
1.03333,12,0.171429,10.3357
1.03333,9,0.177305,10.3262
1.1,11,0.183099,10.331
1.23333,10,0.188811,10.3287
0.766667,14,0.1875,10.3542
0.5,13,0.186207,10.3724
0.7,8,0.184932,10.3562
0.766667,10,0.183673,10.3537
0.933333,10,0.182432,10.3514
1.03333,11,0.187919,10.3557
0.9,12,0.186667,10.3667
1.13333,10,0.192053,10.3642
0.9,10,0.190789,10.3618
0.7,8,0.189542,10.3464
1.06667,12,0.194805,10.3571
1.13333,13,0.2,10.3742
0.533333,15,0.198718,10.4038
1.13333,14,0.203822,10.4268
1.06667,16,0.208861,10.462
1.06667,14,0.213836,10.4843
0.9,16,0.2125,10.5188
1.06667,11,0.217391,10.5217
0.733333,10,0.216049,10.5185
0.933333,11,0.214724,10.5215
0.366667,11,0.213415,10.5244
1.06667,9,0.218182,10.5152
0.866667,10,0.216867,10.512
0.966667,7,0.215569,10.491
1.1,11,0.220238,10.494
1.16667,10,0.224852,10.4911
1.1,8,0.229412,10.4765
0.433333,9,0.22807,10.4678
0.766667,15,0.226744,10.4942
1.1,11,0.231214,10.4971
0.766667,11,0.229885,10.5
0.9,11,0.228571,10.5029
1.1,13,0.232955,10.517
0.633333,13,0.231638,10.5311
0.8,12,0.230337,10.5393
0.733333,11,0.22905,10.5419
0.833333,12,0.227778,10.55
1,12,0.232044,10.558
0.733333,12,0.230769,10.5659
1.03333,7,0.234973,10.5464
0.5,6,0.233696,10.5217
0.6,4,0.232432,10.4865
0.666667,3,0.231183,10.4462
0.4,9,0.229947,10.4385
0.3,5,0.228723,10.4096
0.633333,7,0.227513,10.3915
0.366667,11,0.226316,10.3947
0.666667,11,0.225131,10.3979
0.5,12,0.223958,10.4063
0.8,11,0.222798,10.4093
1.03333,11,0.226804,10.4124
0.466667,10,0.225641,10.4103
0.666667,6,0.22449,10.3878
0.8,11,0.22335,10.3909
1,11,0.227273,10.3939
1.43333,7,0.231156,10.3769
1.26667,7,0.235,10.36
0.966667,6,0.233831,10.3383
1.53333,8,0.237624,10.3267
0.966667,6,0.236453,10.3054
1.46667,8,0.240196,10.2941
1.3,8,0.243902,10.2829
1.43333,6,0.247573,10.2621
1.7,9,0.251208,10.256
1.16667,9,0.254808,10.25
1.46667,8,0.258373,10.2392
1.26667,10,0.261905,10.2381
2.03333,8,0.270142,10.2275
1.4,9,0.273585,10.2217
1.63333,6,0.276995,10.2019
0.9,5,0.275701,10.1776
1.13333,11,0.27907,10.1814
1.2,11,0.282407,10.1852
1.36667,12,0.285714,10.1935
1.46667,11,0.288991,10.1972
1.26667,11,0.292237,10.2009
2.03333,8,0.3,10.1909
1.33333,10,0.303167,10.19
1.33333,9,0.306306,10.1847
2.26667,9,0.313901,10.1794
2.26667,11,0.321429,10.183
1.66667,5,0.324444,10.16
1.63333,5,0.327434,10.1372
1.36667,7,0.330396,10.1233
2.26667,9,0.337719,10.1184
2.3,7,0.344978,10.1048
2,7,0.352174,10.0913
2.06667,11,0.359307,10.0952
1.66667,10,0.362069,10.0948
1.8,9,0.364807,10.0901
1.13333,10,0.367521,10.0897
1.93333,7,0.370213,10.0766
1.4,7,0.372881,10.0636
1.7,9,0.375527,10.0591
1.2,9,0.378151,10.0546
1.46667,8,0.380753,10.046
1.66667,9,0.383333,10.0417
1.73333,4,0.385892,10.0166
1.13333,11,0.38843,10.0207
1.56667,7,0.390947,10.0082
1.36667,9,0.393443,10.0041
1.5,10,0.395918,10.0041
2,10,0.402439,10.0041
1.93333,10,0.404858,10.004
1.13333,11,0.407258,10.0081
1.8,11,0.409639,10.012
1.9,9,0.412,10.008
1.73333,6,0.414343,9.99203
1.23333,9,0.416667,9.9881
0.966667,8,0.41502,9.98024
1.56667,9,0.417323,9.97638
1.5,10,0.419608,9.97647
1.73333,8,0.421875,9.96875
1.7,10,0.424125,9.96887
1.9,10,0.426357,9.96899
2.16667,8,0.432432,9.96139
0.966667,9,0.430769,9.95769
1.5,10,0.43295,9.95785
1.63333,10,0.435115,9.95802
1.3,8,0.437262,9.95057
1.86667,9,0.439394,9.94697
1.43333,10,0.441509,9.94717
1.26667,9,0.443609,9.94361
1.46667,12,0.445693,9.95131
1.63333,9,0.447761,9.94776
1.26667,9,0.449814,9.94424
1.3,6,0.451852,9.92963
1.36667,4,0.453875,9.90775
1.23333,12,0.455882,9.91544
1.23333,9,0.457875,9.91209
0.7,9,0.456204,9.90876
1.03333,8,0.458182,9.90182
1.1,9,0.460145,9.89855
1.7,9,0.462094,9.89531
1.33333,7,0.464029,9.88489
1.6,7,0.46595,9.87455
0.8,13,0.464286,9.88571
1.16667,10,0.466192,9.88612
1.1,10,0.468085,9.88652
1.13333,11,0.469965,9.89046
1.2,8,0.471831,9.8838
0.333333,8,0.470175,9.87719
0.533333,9,0.468531,9.87413
1.36667,8,0.470383,9.8676
1,7,0.472222,9.85764
1.46667,8,0.474048,9.85121
1.06667,11,0.475862,9.85517
0.866667,13,0.474227,9.86598
0.933333,10,0.472603,9.86644
0.933333,8,0.47099,9.86007
1.3,12,0.472789,9.86735
1.53333,11,0.474576,9.87119
1.9,7,0.476351,9.86149
0.9,12,0.474747,9.86869
1.53333,8,0.47651,9.86242
1.26667,13,0.478261,9.87291
1.4,9,0.48,9.87
1.3,7,0.481728,9.86047
1.43333,6,0.483444,9.84768
1.33333,6,0.485149,9.83498
0.9,7,0.483553,9.82566
1.13333,9,0.485246,9.82295
1.33333,7,0.486928,9.81373
0.966667,10,0.485342,9.81433
0.933333,5,0.483766,9.7987
0.866667,8,0.482201,9.79288
0.966667,5,0.480645,9.77742
0.5,10,0.4791,9.77814
1.23333,7,0.480769,9.76923
1.03333,6,0.482428,9.75719
1.7,10,0.484076,9.75796
1.3,12,0.485714,9.76508
1.5,10,0.487342,9.76582
0.966667,10,0.485804,9.76656
0.9,11,0.484277,9.77044
1.73333,6,0.485893,9.75862
1.03333,7,0.4875,9.75
1.73333,9,0.489097,9.74766
1.1,10,0.490683,9.74845
0.766667,7,0.489164,9.73994
1.1,11,0.490741,9.74383
1.53333,8,0.492308,9.73846
1.13333,9,0.493865,9.7362
1.63333,14,0.495413,9.74924
1.4,11,0.496951,9.75305
1.46667,9,0.49848,9.75076
1.3,9,0.5,9.74848
1.8,14,0.501511,9.76133
1.76667,11,0.503012,9.76506
1.23333,9,0.504505,9.76276
1.13333,10,0.505988,9.76347
1.13333,8,0.507463,9.75821
0.8,6,0.505952,9.74702
1.16667,11,0.507418,9.75074
1,12,0.508876,9.7574
1.86667,6,0.510324,9.74631
1.73333,11,0.511765,9.75
1.1,13,0.513196,9.75953
1.5,9,0.51462,9.75731
1.03333,11,0.516035,9.76093
1.73333,11,0.517442,9.76453
1.46667,7,0.518841,9.75652
1.73333,6,0.520231,9.74566
1.86667,9,0.521614,9.74352
1.76667,10,0.522989,9.74425
1.56667,9,0.524355,9.74212
1.16667,10,0.525714,9.74286
1.16667,10,0.527066,9.74359
1.23333,13,0.528409,9.75284
1.23333,12,0.529745,9.75921
1.4,9,0.531073,9.75706
1.13333,11,0.532394,9.76056
1.7,8,0.533708,9.75562
1.13333,7,0.535014,9.7479
1.16667,5,0.536313,9.73464
1.06667,7,0.537604,9.72702
0.633333,9,0.536111,9.725
1.1,4,0.537396,9.70914
1.2,8,0.538674,9.70442
0.8,5,0.53719,9.69146
1.16667,8,0.538462,9.68681
1.36667,7,0.539726,9.67945
1.26667,8,0.540984,9.67486
1.46667,12,0.542234,9.6812
1.43333,9,0.543478,9.67935
1.43333,7,0.544715,9.67209
1.13333,8,0.545946,9.66757
0.733333,9,0.544474,9.66577
1.13333,8,0.545699,9.66129
1.36667,10,0.546917,9.6622
1.26667,10,0.548128,9.6631
1.26667,9,0.549333,9.66133
0.933333,9,0.547872,9.65957
1.53333,9,0.549072,9.65782
1.56667,7,0.550265,9.65079
1.36667,14,0.551451,9.66227
1.53333,11,0.552632,9.66579
1.4,5,0.553806,9.65354
1.5,9,0.554974,9.65183
1.26667,5,0.556136,9.63969
1.46667,12,0.557292,9.64583
1.86667,10,0.558442,9.64675
1.73333,11,0.559585,9.65026
1.5,11,0.560724,9.65375
1,15,0.561856,9.66753
1.4,14,0.562982,9.67866
0.733333,11,0.561538,9.68205
1.53333,14,0.56266,9.69309
1.36667,15,0.563776,9.70663
1.03333,17,0.564885,9.72519
0.9,16,0.563452,9.74112
1.36667,15,0.564557,9.75443
1.13333,13,0.565657,9.76263
1,14,0.566751,9.7733
0.833333,14,0.565327,9.78392
0.933333,19,0.56391,9.80702
1.1,12,0.565,9.8125
1.5,15,0.566085,9.82544
1.56667,11,0.567164,9.82836
1.06667,9,0.568238,9.8263
1.5,9,0.569307,9.82426
1,11,0.57037,9.82716
0.7,13,0.568966,9.83498
1.06667,14,0.570025,9.84521
1.43333,13,0.571078,9.85294
0.9,16,0.569682,9.86797
1.16667,15,0.570732,9.88049
1.23333,13,0.571776,9.88808
1.23333,16,0.572816,9.90291
1.63333,12,0.57385,9.90799
1.26667,16,0.574879,9.92271
1.26667,13,0.575904,9.93012
1.6,13,0.576923,9.9375
1.53333,10,0.577938,9.93765
1.4,11,0.578947,9.94019
1.56667,11,0.579952,9.94272
1.33333,10,0.580952,9.94286
0.866667,10,0.579572,9.94299
1.33333,8,0.580569,9.93839
1.13333,8,0.58156,9.93381
1.1,8,0.582547,9.92925
0.8,9,0.581176,9.92706
1.1,10,0.58216,9.92723
