2500
2
5
2
0.075
0.04
-1.0 0.0
1.0 0.0
-1.0 0.0204081632653
1.0 0.0
-1.0 0.0408163265306
1.0 0.0
-1.0 0.0612244897959
1.0 0.0
-1.0 0.0816326530612
1.0 0.0
-1.0 0.102040816327
1.0 0.0
-1.0 0.122448979592
1.0 0.0
-1.0 0.142857142857
1.0 0.0
-1.0 0.163265306122
1.0 0.0
-1.0 0.183673469388
1.0 0.0
-1.0 0.204081632653
1.0 0.0
-1.0 0.224489795918
1.0 0.0
-1.0 0.244897959184
1.0 0.0
-1.0 0.265306122449
1.0 0.0
-1.0 0.285714285714
1.0 0.0
-1.0 0.30612244898
1.0 0.0
-1.0 0.326530612245
1.0 0.0
-1.0 0.34693877551
1.0 0.0
-1.0 0.367346938776
1.0 0.0
-1.0 0.387755102041
1.0 0.0
-1.0 0.408163265306
1.0 0.0
-1.0 0.428571428571
1.0 0.0
-1.0 0.448979591837
1.0 0.0
-1.0 0.469387755102
0 1.0
-1.0 0.489795918367
0 1.0
-1.0 0.510204081633
0 1.0
-1.0 0.530612244898
0 1.0
-1.0 0.551020408163
0 1.0
-1.0 0.571428571429
0 1.0
-1.0 0.591836734694
0 1.0
-1.0 0.612244897959
0 1.0
-1.0 0.632653061224
0 1.0
-1.0 0.65306122449
0 1.0
-1.0 0.673469387755
0 1.0
-1.0 0.69387755102
0 1.0
-1.0 0.714285714286
0 1.0
-1.0 0.734693877551
0 1.0
-1.0 0.755102040816
0 1.0
-1.0 0.775510204082
0 1.0
-1.0 0.795918367347
0 1.0
-1.0 0.816326530612
0 1.0
-1.0 0.836734693878
0 1.0
-1.0 0.857142857143
0 1.0
-1.0 0.877551020408
0 1.0
-1.0 0.897959183673
0 1.0
-1.0 0.918367346939
0 1.0
-1.0 0.938775510204
0 1.0
-1.0 0.959183673469
0 1.0
-1.0 0.979591836735
0 1.0
-1.0 1.0
0 1.0
-0.959183673469 0.0
1.0 0.0
-0.959183673469 0.0204081632653
1.0 0.0
-0.959183673469 0.0408163265306
1.0 0.0
-0.959183673469 0.0612244897959
1.0 0.0
-0.959183673469 0.0816326530612
1.0 0.0
-0.959183673469 0.102040816327
1.0 0.0
-0.959183673469 0.122448979592
1.0 0.0
-0.959183673469 0.142857142857
1.0 0.0
-0.959183673469 0.163265306122
1.0 0.0
-0.959183673469 0.183673469388
1.0 0.0
-0.959183673469 0.204081632653
1.0 0.0
-0.959183673469 0.224489795918
1.0 0.0
-0.959183673469 0.244897959184
1.0 0.0
-0.959183673469 0.265306122449
1.0 0.0
-0.959183673469 0.285714285714
1.0 0.0
-0.959183673469 0.30612244898
1.0 0.0
-0.959183673469 0.326530612245
1.0 0.0
-0.959183673469 0.34693877551
1.0 0.0
-0.959183673469 0.367346938776
1.0 0.0
-0.959183673469 0.387755102041
1.0 0.0
-0.959183673469 0.408163265306
1.0 0.0
-0.959183673469 0.428571428571
1.0 0.0
-0.959183673469 0.448979591837
1.0 0.0
-0.959183673469 0.469387755102
0 1.0
-0.959183673469 0.489795918367
0 1.0
-0.959183673469 0.510204081633
0 1.0
-0.959183673469 0.530612244898
0 1.0
-0.959183673469 0.551020408163
0 1.0
-0.959183673469 0.571428571429
0 1.0
-0.959183673469 0.591836734694
0 1.0
-0.959183673469 0.612244897959
0 1.0
-0.959183673469 0.632653061224
0 1.0
-0.959183673469 0.65306122449
0 1.0
-0.959183673469 0.673469387755
0 1.0
-0.959183673469 0.69387755102
0 1.0
-0.959183673469 0.714285714286
0 1.0
-0.959183673469 0.734693877551
0 1.0
-0.959183673469 0.755102040816
0 1.0
-0.959183673469 0.775510204082
0 1.0
-0.959183673469 0.795918367347
0 1.0
-0.959183673469 0.816326530612
0 1.0
-0.959183673469 0.836734693878
0 1.0
-0.959183673469 0.857142857143
0 1.0
-0.959183673469 0.877551020408
0 1.0
-0.959183673469 0.897959183673
0 1.0
-0.959183673469 0.918367346939
0 1.0
-0.959183673469 0.938775510204
0 1.0
-0.959183673469 0.959183673469
0 1.0
-0.959183673469 0.979591836735
0 1.0
-0.959183673469 1.0
0 1.0
-0.918367346939 0.0
1.0 0.0
-0.918367346939 0.0204081632653
1.0 0.0
-0.918367346939 0.0408163265306
1.0 0.0
-0.918367346939 0.0612244897959
1.0 0.0
-0.918367346939 0.0816326530612
1.0 0.0
-0.918367346939 0.102040816327
1.0 0.0
-0.918367346939 0.122448979592
1.0 0.0
-0.918367346939 0.142857142857
1.0 0.0
-0.918367346939 0.163265306122
1.0 0.0
-0.918367346939 0.183673469388
1.0 0.0
-0.918367346939 0.204081632653
1.0 0.0
-0.918367346939 0.224489795918
1.0 0.0
-0.918367346939 0.244897959184
1.0 0.0
-0.918367346939 0.265306122449
1.0 0.0
-0.918367346939 0.285714285714
1.0 0.0
-0.918367346939 0.30612244898
1.0 0.0
-0.918367346939 0.326530612245
1.0 0.0
-0.918367346939 0.34693877551
1.0 0.0
-0.918367346939 0.367346938776
1.0 0.0
-0.918367346939 0.387755102041
1.0 0.0
-0.918367346939 0.408163265306
1.0 0.0
-0.918367346939 0.428571428571
1.0 0.0
-0.918367346939 0.448979591837
1.0 0.0
-0.918367346939 0.469387755102
0 1.0
-0.918367346939 0.489795918367
0 1.0
-0.918367346939 0.510204081633
0 1.0
-0.918367346939 0.530612244898
0 1.0
-0.918367346939 0.551020408163
0 1.0
-0.918367346939 0.571428571429
0 1.0
-0.918367346939 0.591836734694
0 1.0
-0.918367346939 0.612244897959
0 1.0
-0.918367346939 0.632653061224
0 1.0
-0.918367346939 0.65306122449
0 1.0
-0.918367346939 0.673469387755
0 1.0
-0.918367346939 0.69387755102
0 1.0
-0.918367346939 0.714285714286
0 1.0
-0.918367346939 0.734693877551
0 1.0
-0.918367346939 0.755102040816
0 1.0
-0.918367346939 0.775510204082
0 1.0
-0.918367346939 0.795918367347
0 1.0
-0.918367346939 0.816326530612
0 1.0
-0.918367346939 0.836734693878
0 1.0
-0.918367346939 0.857142857143
0 1.0
-0.918367346939 0.877551020408
0 1.0
-0.918367346939 0.897959183673
0 1.0
-0.918367346939 0.918367346939
0 1.0
-0.918367346939 0.938775510204
0 1.0
-0.918367346939 0.959183673469
0 1.0
-0.918367346939 0.979591836735
0 1.0
-0.918367346939 1.0
0 1.0
-0.877551020408 0.0
1.0 0.0
-0.877551020408 0.0204081632653
1.0 0.0
-0.877551020408 0.0408163265306
1.0 0.0
-0.877551020408 0.0612244897959
1.0 0.0
-0.877551020408 0.0816326530612
1.0 0.0
-0.877551020408 0.102040816327
1.0 0.0
-0.877551020408 0.122448979592
1.0 0.0
-0.877551020408 0.142857142857
1.0 0.0
-0.877551020408 0.163265306122
1.0 0.0
-0.877551020408 0.183673469388
1.0 0.0
-0.877551020408 0.204081632653
1.0 0.0
-0.877551020408 0.224489795918
1.0 0.0
-0.877551020408 0.244897959184
1.0 0.0
-0.877551020408 0.265306122449
1.0 0.0
-0.877551020408 0.285714285714
1.0 0.0
-0.877551020408 0.30612244898
1.0 0.0
-0.877551020408 0.326530612245
1.0 0.0
-0.877551020408 0.34693877551
1.0 0.0
-0.877551020408 0.367346938776
1.0 0.0
-0.877551020408 0.387755102041
1.0 0.0
-0.877551020408 0.408163265306
1.0 0.0
-0.877551020408 0.428571428571
1.0 0.0
-0.877551020408 0.448979591837
1.0 0.0
-0.877551020408 0.469387755102
0 1.0
-0.877551020408 0.489795918367
0 1.0
-0.877551020408 0.510204081633
0 1.0
-0.877551020408 0.530612244898
0 1.0
-0.877551020408 0.551020408163
0 1.0
-0.877551020408 0.571428571429
0 1.0
-0.877551020408 0.591836734694
0 1.0
-0.877551020408 0.612244897959
0 1.0
-0.877551020408 0.632653061224
0 1.0
-0.877551020408 0.65306122449
0 1.0
-0.877551020408 0.673469387755
0 1.0
-0.877551020408 0.69387755102
0 1.0
-0.877551020408 0.714285714286
0 1.0
-0.877551020408 0.734693877551
0 1.0
-0.877551020408 0.755102040816
0 1.0
-0.877551020408 0.775510204082
0 1.0
-0.877551020408 0.795918367347
0 1.0
-0.877551020408 0.816326530612
0 1.0
-0.877551020408 0.836734693878
0 1.0
-0.877551020408 0.857142857143
0 1.0
-0.877551020408 0.877551020408
0 1.0
-0.877551020408 0.897959183673
0 1.0
-0.877551020408 0.918367346939
0 1.0
-0.877551020408 0.938775510204
0 1.0
-0.877551020408 0.959183673469
0 1.0
-0.877551020408 0.979591836735
0 1.0
-0.877551020408 1.0
0 1.0
-0.836734693878 0.0
1.0 0.0
-0.836734693878 0.0204081632653
1.0 0.0
-0.836734693878 0.0408163265306
1.0 0.0
-0.836734693878 0.0612244897959
1.0 0.0
-0.836734693878 0.0816326530612
1.0 0.0
-0.836734693878 0.102040816327
1.0 0.0
-0.836734693878 0.122448979592
1.0 0.0
-0.836734693878 0.142857142857
1.0 0.0
-0.836734693878 0.163265306122
1.0 0.0
-0.836734693878 0.183673469388
1.0 0.0
-0.836734693878 0.204081632653
1.0 0.0
-0.836734693878 0.224489795918
1.0 0.0
-0.836734693878 0.244897959184
1.0 0.0
-0.836734693878 0.265306122449
1.0 0.0
-0.836734693878 0.285714285714
1.0 0.0
-0.836734693878 0.30612244898
1.0 0.0
-0.836734693878 0.326530612245
1.0 0.0
-0.836734693878 0.34693877551
1.0 0.0
-0.836734693878 0.367346938776
1.0 0.0
-0.836734693878 0.387755102041
1.0 0.0
-0.836734693878 0.408163265306
1.0 0.0
-0.836734693878 0.428571428571
1.0 0.0
-0.836734693878 0.448979591837
1.0 0.0
-0.836734693878 0.469387755102
0 1.0
-0.836734693878 0.489795918367
0 1.0
-0.836734693878 0.510204081633
0 1.0
-0.836734693878 0.530612244898
0 1.0
-0.836734693878 0.551020408163
0 1.0
-0.836734693878 0.571428571429
0 1.0
-0.836734693878 0.591836734694
0 1.0
-0.836734693878 0.612244897959
0 1.0
-0.836734693878 0.632653061224
0 1.0
-0.836734693878 0.65306122449
0 1.0
-0.836734693878 0.673469387755
0 1.0
-0.836734693878 0.69387755102
0 1.0
-0.836734693878 0.714285714286
0 1.0
-0.836734693878 0.734693877551
0 1.0
-0.836734693878 0.755102040816
0 1.0
-0.836734693878 0.775510204082
0 1.0
-0.836734693878 0.795918367347
0 1.0
-0.836734693878 0.816326530612
0 1.0
-0.836734693878 0.836734693878
0 1.0
-0.836734693878 0.857142857143
0 1.0
-0.836734693878 0.877551020408
0 1.0
-0.836734693878 0.897959183673
0 1.0
-0.836734693878 0.918367346939
0 1.0
-0.836734693878 0.938775510204
0 1.0
-0.836734693878 0.959183673469
0 1.0
-0.836734693878 0.979591836735
0 1.0
-0.836734693878 1.0
0 1.0
-0.795918367347 0.0
1.0 0.0
-0.795918367347 0.0204081632653
1.0 0.0
-0.795918367347 0.0408163265306
1.0 0.0
-0.795918367347 0.0612244897959
1.0 0.0
-0.795918367347 0.0816326530612
1.0 0.0
-0.795918367347 0.102040816327
1.0 0.0
-0.795918367347 0.122448979592
1.0 0.0
-0.795918367347 0.142857142857
1.0 0.0
-0.795918367347 0.163265306122
1.0 0.0
-0.795918367347 0.183673469388
1.0 0.0
-0.795918367347 0.204081632653
1.0 0.0
-0.795918367347 0.224489795918
1.0 0.0
-0.795918367347 0.244897959184
1.0 0.0
-0.795918367347 0.265306122449
1.0 0.0
-0.795918367347 0.285714285714
1.0 0.0
-0.795918367347 0.30612244898
1.0 0.0
-0.795918367347 0.326530612245
1.0 0.0
-0.795918367347 0.34693877551
1.0 0.0
-0.795918367347 0.367346938776
1.0 0.0
-0.795918367347 0.387755102041
1.0 0.0
-0.795918367347 0.408163265306
1.0 0.0
-0.795918367347 0.428571428571
1.0 0.0
-0.795918367347 0.448979591837
1.0 0.0
-0.795918367347 0.469387755102
0 1.0
-0.795918367347 0.489795918367
0 1.0
-0.795918367347 0.510204081633
0 1.0
-0.795918367347 0.530612244898
0 1.0
-0.795918367347 0.551020408163
0 1.0
-0.795918367347 0.571428571429
0 1.0
-0.795918367347 0.591836734694
0 1.0
-0.795918367347 0.612244897959
0 1.0
-0.795918367347 0.632653061224
0 1.0
-0.795918367347 0.65306122449
0 1.0
-0.795918367347 0.673469387755
0 1.0
-0.795918367347 0.69387755102
0 1.0
-0.795918367347 0.714285714286
0 1.0
-0.795918367347 0.734693877551
0 1.0
-0.795918367347 0.755102040816
0 1.0
-0.795918367347 0.775510204082
0 1.0
-0.795918367347 0.795918367347
0 1.0
-0.795918367347 0.816326530612
0 1.0
-0.795918367347 0.836734693878
0 1.0
-0.795918367347 0.857142857143
0 1.0
-0.795918367347 0.877551020408
0 1.0
-0.795918367347 0.897959183673
0 1.0
-0.795918367347 0.918367346939
0 1.0
-0.795918367347 0.938775510204
0 1.0
-0.795918367347 0.959183673469
0 1.0
-0.795918367347 0.979591836735
0 1.0
-0.795918367347 1.0
0 1.0
-0.755102040816 0.0
1.0 0.0
-0.755102040816 0.0204081632653
1.0 0.0
-0.755102040816 0.0408163265306
1.0 0.0
-0.755102040816 0.0612244897959
1.0 0.0
-0.755102040816 0.0816326530612
1.0 0.0
-0.755102040816 0.102040816327
1.0 0.0
-0.755102040816 0.122448979592
1.0 0.0
-0.755102040816 0.142857142857
1.0 0.0
-0.755102040816 0.163265306122
1.0 0.0
-0.755102040816 0.183673469388
1.0 0.0
-0.755102040816 0.204081632653
1.0 0.0
-0.755102040816 0.224489795918
1.0 0.0
-0.755102040816 0.244897959184
1.0 0.0
-0.755102040816 0.265306122449
1.0 0.0
-0.755102040816 0.285714285714
1.0 0.0
-0.755102040816 0.30612244898
1.0 0.0
-0.755102040816 0.326530612245
1.0 0.0
-0.755102040816 0.34693877551
1.0 0.0
-0.755102040816 0.367346938776
1.0 0.0
-0.755102040816 0.387755102041
1.0 0.0
-0.755102040816 0.408163265306
1.0 0.0
-0.755102040816 0.428571428571
1.0 0.0
-0.755102040816 0.448979591837
1.0 0.0
-0.755102040816 0.469387755102
0 1.0
-0.755102040816 0.489795918367
0 1.0
-0.755102040816 0.510204081633
0 1.0
-0.755102040816 0.530612244898
0 1.0
-0.755102040816 0.551020408163
0 1.0
-0.755102040816 0.571428571429
0 1.0
-0.755102040816 0.591836734694
0 1.0
-0.755102040816 0.612244897959
0 1.0
-0.755102040816 0.632653061224
0 1.0
-0.755102040816 0.65306122449
0 1.0
-0.755102040816 0.673469387755
0 1.0
-0.755102040816 0.69387755102
0 1.0
-0.755102040816 0.714285714286
0 1.0
-0.755102040816 0.734693877551
0 1.0
-0.755102040816 0.755102040816
0 1.0
-0.755102040816 0.775510204082
0 1.0
-0.755102040816 0.795918367347
0 1.0
-0.755102040816 0.816326530612
0 1.0
-0.755102040816 0.836734693878
0 1.0
-0.755102040816 0.857142857143
0 1.0
-0.755102040816 0.877551020408
0 1.0
-0.755102040816 0.897959183673
0 1.0
-0.755102040816 0.918367346939
0 1.0
-0.755102040816 0.938775510204
0 1.0
-0.755102040816 0.959183673469
0 1.0
-0.755102040816 0.979591836735
0 1.0
-0.755102040816 1.0
0 1.0
-0.714285714286 0.0
1.0 0.0
-0.714285714286 0.0204081632653
1.0 0.0
-0.714285714286 0.0408163265306
1.0 0.0
-0.714285714286 0.0612244897959
1.0 0.0
-0.714285714286 0.0816326530612
1.0 0.0
-0.714285714286 0.102040816327
1.0 0.0
-0.714285714286 0.122448979592
1.0 0.0
-0.714285714286 0.142857142857
1.0 0.0
-0.714285714286 0.163265306122
1.0 0.0
-0.714285714286 0.183673469388
1.0 0.0
-0.714285714286 0.204081632653
1.0 0.0
-0.714285714286 0.224489795918
1.0 0.0
-0.714285714286 0.244897959184
1.0 0.0
-0.714285714286 0.265306122449
1.0 0.0
-0.714285714286 0.285714285714
1.0 0.0
-0.714285714286 0.30612244898
1.0 0.0
-0.714285714286 0.326530612245
1.0 0.0
-0.714285714286 0.34693877551
1.0 0.0
-0.714285714286 0.367346938776
1.0 0.0
-0.714285714286 0.387755102041
1.0 0.0
-0.714285714286 0.408163265306
1.0 0.0
-0.714285714286 0.428571428571
1.0 0.0
-0.714285714286 0.448979591837
1.0 0.0
-0.714285714286 0.469387755102
0 1.0
-0.714285714286 0.489795918367
0 1.0
-0.714285714286 0.510204081633
0 1.0
-0.714285714286 0.530612244898
0 1.0
-0.714285714286 0.551020408163
0 1.0
-0.714285714286 0.571428571429
0 1.0
-0.714285714286 0.591836734694
0 1.0
-0.714285714286 0.612244897959
0 1.0
-0.714285714286 0.632653061224
0 1.0
-0.714285714286 0.65306122449
0 1.0
-0.714285714286 0.673469387755
0 1.0
-0.714285714286 0.69387755102
0 1.0
-0.714285714286 0.714285714286
0 1.0
-0.714285714286 0.734693877551
0 1.0
-0.714285714286 0.755102040816
0 1.0
-0.714285714286 0.775510204082
0 1.0
-0.714285714286 0.795918367347
0 1.0
-0.714285714286 0.816326530612
0 1.0
-0.714285714286 0.836734693878
0 1.0
-0.714285714286 0.857142857143
0 1.0
-0.714285714286 0.877551020408
0 1.0
-0.714285714286 0.897959183673
0 1.0
-0.714285714286 0.918367346939
0 1.0
-0.714285714286 0.938775510204
0 1.0
-0.714285714286 0.959183673469
0 1.0
-0.714285714286 0.979591836735
0 1.0
-0.714285714286 1.0
0 1.0
-0.673469387755 0.0
1.0 0.0
-0.673469387755 0.0204081632653
1.0 0.0
-0.673469387755 0.0408163265306
1.0 0.0
-0.673469387755 0.0612244897959
1.0 0.0
-0.673469387755 0.0816326530612
1.0 0.0
-0.673469387755 0.102040816327
1.0 0.0
-0.673469387755 0.122448979592
1.0 0.0
-0.673469387755 0.142857142857
1.0 0.0
-0.673469387755 0.163265306122
1.0 0.0
-0.673469387755 0.183673469388
1.0 0.0
-0.673469387755 0.204081632653
1.0 0.0
-0.673469387755 0.224489795918
1.0 0.0
-0.673469387755 0.244897959184
1.0 0.0
-0.673469387755 0.265306122449
1.0 0.0
-0.673469387755 0.285714285714
1.0 0.0
-0.673469387755 0.30612244898
1.0 0.0
-0.673469387755 0.326530612245
1.0 0.0
-0.673469387755 0.34693877551
1.0 0.0
-0.673469387755 0.367346938776
1.0 0.0
-0.673469387755 0.387755102041
1.0 0.0
-0.673469387755 0.408163265306
1.0 0.0
-0.673469387755 0.428571428571
1.0 0.0
-0.673469387755 0.448979591837
1.0 0.0
-0.673469387755 0.469387755102
0 1.0
-0.673469387755 0.489795918367
0 1.0
-0.673469387755 0.510204081633
0 1.0
-0.673469387755 0.530612244898
0 1.0
-0.673469387755 0.551020408163
0 1.0
-0.673469387755 0.571428571429
0 1.0
-0.673469387755 0.591836734694
0 1.0
-0.673469387755 0.612244897959
0 1.0
-0.673469387755 0.632653061224
0 1.0
-0.673469387755 0.65306122449
0 1.0
-0.673469387755 0.673469387755
0 1.0
-0.673469387755 0.69387755102
0 1.0
-0.673469387755 0.714285714286
0 1.0
-0.673469387755 0.734693877551
0 1.0
-0.673469387755 0.755102040816
0 1.0
-0.673469387755 0.775510204082
0 1.0
-0.673469387755 0.795918367347
0 1.0
-0.673469387755 0.816326530612
0 1.0
-0.673469387755 0.836734693878
0 1.0
-0.673469387755 0.857142857143
0 1.0
-0.673469387755 0.877551020408
0 1.0
-0.673469387755 0.897959183673
0 1.0
-0.673469387755 0.918367346939
0 1.0
-0.673469387755 0.938775510204
0 1.0
-0.673469387755 0.959183673469
0 1.0
-0.673469387755 0.979591836735
0 1.0
-0.673469387755 1.0
0 1.0
-0.632653061224 0.0
1.0 0.0
-0.632653061224 0.0204081632653
1.0 0.0
-0.632653061224 0.0408163265306
1.0 0.0
-0.632653061224 0.0612244897959
1.0 0.0
-0.632653061224 0.0816326530612
1.0 0.0
-0.632653061224 0.102040816327
1.0 0.0
-0.632653061224 0.122448979592
1.0 0.0
-0.632653061224 0.142857142857
1.0 0.0
-0.632653061224 0.163265306122
1.0 0.0
-0.632653061224 0.183673469388
1.0 0.0
-0.632653061224 0.204081632653
1.0 0.0
-0.632653061224 0.224489795918
1.0 0.0
-0.632653061224 0.244897959184
1.0 0.0
-0.632653061224 0.265306122449
1.0 0.0
-0.632653061224 0.285714285714
1.0 0.0
-0.632653061224 0.30612244898
1.0 0.0
-0.632653061224 0.326530612245
1.0 0.0
-0.632653061224 0.34693877551
1.0 0.0
-0.632653061224 0.367346938776
1.0 0.0
-0.632653061224 0.387755102041
1.0 0.0
-0.632653061224 0.408163265306
1.0 0.0
-0.632653061224 0.428571428571
1.0 0.0
-0.632653061224 0.448979591837
1.0 0.0
-0.632653061224 0.469387755102
0 1.0
-0.632653061224 0.489795918367
0 1.0
-0.632653061224 0.510204081633
0 1.0
-0.632653061224 0.530612244898
0 1.0
-0.632653061224 0.551020408163
0 1.0
-0.632653061224 0.571428571429
0 1.0
-0.632653061224 0.591836734694
0 1.0
-0.632653061224 0.612244897959
0 1.0
-0.632653061224 0.632653061224
0 1.0
-0.632653061224 0.65306122449
0 1.0
-0.632653061224 0.673469387755
0 1.0
-0.632653061224 0.69387755102
0 1.0
-0.632653061224 0.714285714286
0 1.0
-0.632653061224 0.734693877551
0 1.0
-0.632653061224 0.755102040816
0 1.0
-0.632653061224 0.775510204082
0 1.0
-0.632653061224 0.795918367347
0 1.0
-0.632653061224 0.816326530612
0 1.0
-0.632653061224 0.836734693878
0 1.0
-0.632653061224 0.857142857143
0 1.0
-0.632653061224 0.877551020408
0 1.0
-0.632653061224 0.897959183673
0 1.0
-0.632653061224 0.918367346939
0 1.0
-0.632653061224 0.938775510204
0 1.0
-0.632653061224 0.959183673469
0 1.0
-0.632653061224 0.979591836735
0 1.0
-0.632653061224 1.0
0 1.0
-0.591836734694 0.0
1.0 0.0
-0.591836734694 0.0204081632653
1.0 0.0
-0.591836734694 0.0408163265306
1.0 0.0
-0.591836734694 0.0612244897959
1.0 0.0
-0.591836734694 0.0816326530612
1.0 0.0
-0.591836734694 0.102040816327
1.0 0.0
-0.591836734694 0.122448979592
1.0 0.0
-0.591836734694 0.142857142857
1.0 0.0
-0.591836734694 0.163265306122
1.0 0.0
-0.591836734694 0.183673469388
1.0 0.0
-0.591836734694 0.204081632653
1.0 0.0
-0.591836734694 0.224489795918
1.0 0.0
-0.591836734694 0.244897959184
1.0 0.0
-0.591836734694 0.265306122449
1.0 0.0
-0.591836734694 0.285714285714
1.0 0.0
-0.591836734694 0.30612244898
1.0 0.0
-0.591836734694 0.326530612245
1.0 0.0
-0.591836734694 0.34693877551
1.0 0.0
-0.591836734694 0.367346938776
1.0 0.0
-0.591836734694 0.387755102041
1.0 0.0
-0.591836734694 0.408163265306
1.0 0.0
-0.591836734694 0.428571428571
1.0 0.0
-0.591836734694 0.448979591837
1.0 0.0
-0.591836734694 0.469387755102
0 1.0
-0.591836734694 0.489795918367
0 1.0
-0.591836734694 0.510204081633
0 1.0
-0.591836734694 0.530612244898
0 1.0
-0.591836734694 0.551020408163
0 1.0
-0.591836734694 0.571428571429
0 1.0
-0.591836734694 0.591836734694
0 1.0
-0.591836734694 0.612244897959
0 1.0
-0.591836734694 0.632653061224
0 1.0
-0.591836734694 0.65306122449
0 1.0
-0.591836734694 0.673469387755
0 1.0
-0.591836734694 0.69387755102
0 1.0
-0.591836734694 0.714285714286
0 1.0
-0.591836734694 0.734693877551
0 1.0
-0.591836734694 0.755102040816
0 1.0
-0.591836734694 0.775510204082
0 1.0
-0.591836734694 0.795918367347
0 1.0
-0.591836734694 0.816326530612
0 1.0
-0.591836734694 0.836734693878
0 1.0
-0.591836734694 0.857142857143
0 1.0
-0.591836734694 0.877551020408
0 1.0
-0.591836734694 0.897959183673
0 1.0
-0.591836734694 0.918367346939
0 1.0
-0.591836734694 0.938775510204
0 1.0
-0.591836734694 0.959183673469
0 1.0
-0.591836734694 0.979591836735
0 1.0
-0.591836734694 1.0
0 1.0
-0.551020408163 0.0
1.0 0.0
-0.551020408163 0.0204081632653
1.0 0.0
-0.551020408163 0.0408163265306
1.0 0.0
-0.551020408163 0.0612244897959
1.0 0.0
-0.551020408163 0.0816326530612
1.0 0.0
-0.551020408163 0.102040816327
1.0 0.0
-0.551020408163 0.122448979592
1.0 0.0
-0.551020408163 0.142857142857
1.0 0.0
-0.551020408163 0.163265306122
1.0 0.0
-0.551020408163 0.183673469388
1.0 0.0
-0.551020408163 0.204081632653
1.0 0.0
-0.551020408163 0.224489795918
1.0 0.0
-0.551020408163 0.244897959184
1.0 0.0
-0.551020408163 0.265306122449
1.0 0.0
-0.551020408163 0.285714285714
1.0 0.0
-0.551020408163 0.30612244898
1.0 0.0
-0.551020408163 0.326530612245
1.0 0.0
-0.551020408163 0.34693877551
1.0 0.0
-0.551020408163 0.367346938776
1.0 0.0
-0.551020408163 0.387755102041
1.0 0.0
-0.551020408163 0.408163265306
1.0 0.0
-0.551020408163 0.428571428571
1.0 0.0
-0.551020408163 0.448979591837
1.0 0.0
-0.551020408163 0.469387755102
0 1.0
-0.551020408163 0.489795918367
0 1.0
-0.551020408163 0.510204081633
0 1.0
-0.551020408163 0.530612244898
0 1.0
-0.551020408163 0.551020408163
0 1.0
-0.551020408163 0.571428571429
0 1.0
-0.551020408163 0.591836734694
0 1.0
-0.551020408163 0.612244897959
0 1.0
-0.551020408163 0.632653061224
0 1.0
-0.551020408163 0.65306122449
0 1.0
-0.551020408163 0.673469387755
0 1.0
-0.551020408163 0.69387755102
0 1.0
-0.551020408163 0.714285714286
0 1.0
-0.551020408163 0.734693877551
0 1.0
-0.551020408163 0.755102040816
0 1.0
-0.551020408163 0.775510204082
0 1.0
-0.551020408163 0.795918367347
0 1.0
-0.551020408163 0.816326530612
0 1.0
-0.551020408163 0.836734693878
0 1.0
-0.551020408163 0.857142857143
0 1.0
-0.551020408163 0.877551020408
0 1.0
-0.551020408163 0.897959183673
0 1.0
-0.551020408163 0.918367346939
0 1.0
-0.551020408163 0.938775510204
0 1.0
-0.551020408163 0.959183673469
0 1.0
-0.551020408163 0.979591836735
0 1.0
-0.551020408163 1.0
0 1.0
-0.510204081633 0.0
1.0 0.0
-0.510204081633 0.0204081632653
1.0 0.0
-0.510204081633 0.0408163265306
1.0 0.0
-0.510204081633 0.0612244897959
1.0 0.0
-0.510204081633 0.0816326530612
1.0 0.0
-0.510204081633 0.102040816327
1.0 0.0
-0.510204081633 0.122448979592
1.0 0.0
-0.510204081633 0.142857142857
1.0 0.0
-0.510204081633 0.163265306122
1.0 0.0
-0.510204081633 0.183673469388
1.0 0.0
-0.510204081633 0.204081632653
1.0 0.0
-0.510204081633 0.224489795918
1.0 0.0
-0.510204081633 0.244897959184
1.0 0.0
-0.510204081633 0.265306122449
1.0 0.0
-0.510204081633 0.285714285714
1.0 0.0
-0.510204081633 0.30612244898
1.0 0.0
-0.510204081633 0.326530612245
1.0 0.0
-0.510204081633 0.34693877551
1.0 0.0
-0.510204081633 0.367346938776
1.0 0.0
-0.510204081633 0.387755102041
1.0 0.0
-0.510204081633 0.408163265306
1.0 0.0
-0.510204081633 0.428571428571
1.0 0.0
-0.510204081633 0.448979591837
1.0 0.0
-0.510204081633 0.469387755102
0 1.0
-0.510204081633 0.489795918367
0 1.0
-0.510204081633 0.510204081633
0 1.0
-0.510204081633 0.530612244898
0 1.0
-0.510204081633 0.551020408163
0 1.0
-0.510204081633 0.571428571429
0 1.0
-0.510204081633 0.591836734694
0 1.0
-0.510204081633 0.612244897959
0 1.0
-0.510204081633 0.632653061224
0 1.0
-0.510204081633 0.65306122449
0 1.0
-0.510204081633 0.673469387755
0 1.0
-0.510204081633 0.69387755102
0 1.0
-0.510204081633 0.714285714286
0 1.0
-0.510204081633 0.734693877551
0 1.0
-0.510204081633 0.755102040816
0 1.0
-0.510204081633 0.775510204082
0 1.0
-0.510204081633 0.795918367347
0 1.0
-0.510204081633 0.816326530612
0 1.0
-0.510204081633 0.836734693878
0 1.0
-0.510204081633 0.857142857143
0 1.0
-0.510204081633 0.877551020408
0 1.0
-0.510204081633 0.897959183673
0 1.0
-0.510204081633 0.918367346939
0 1.0
-0.510204081633 0.938775510204
0 1.0
-0.510204081633 0.959183673469
0 1.0
-0.510204081633 0.979591836735
0 1.0
-0.510204081633 1.0
0 1.0
-0.469387755102 0.0
1.0 0.0
-0.469387755102 0.0204081632653
1.0 0.0
-0.469387755102 0.0408163265306
1.0 0.0
-0.469387755102 0.0612244897959
1.0 0.0
-0.469387755102 0.0816326530612
1.0 0.0
-0.469387755102 0.102040816327
1.0 0.0
-0.469387755102 0.122448979592
1.0 0.0
-0.469387755102 0.142857142857
1.0 0.0
-0.469387755102 0.163265306122
1.0 0.0
-0.469387755102 0.183673469388
1.0 0.0
-0.469387755102 0.204081632653
1.0 0.0
-0.469387755102 0.224489795918
1.0 0.0
-0.469387755102 0.244897959184
1.0 0.0
-0.469387755102 0.265306122449
1.0 0.0
-0.469387755102 0.285714285714
1.0 0.0
-0.469387755102 0.30612244898
1.0 0.0
-0.469387755102 0.326530612245
1.0 0.0
-0.469387755102 0.34693877551
1.0 0.0
-0.469387755102 0.367346938776
1.0 0.0
-0.469387755102 0.387755102041
1.0 0.0
-0.469387755102 0.408163265306
1.0 0.0
-0.469387755102 0.428571428571
1.0 0.0
-0.469387755102 0.448979591837
1.0 0.0
-0.469387755102 0.469387755102
0 1.0
-0.469387755102 0.489795918367
0 1.0
-0.469387755102 0.510204081633
0 1.0
-0.469387755102 0.530612244898
0 1.0
-0.469387755102 0.551020408163
0 1.0
-0.469387755102 0.571428571429
0 1.0
-0.469387755102 0.591836734694
0 1.0
-0.469387755102 0.612244897959
0 1.0
-0.469387755102 0.632653061224
0 1.0
-0.469387755102 0.65306122449
0 1.0
-0.469387755102 0.673469387755
0 1.0
-0.469387755102 0.69387755102
0 1.0
-0.469387755102 0.714285714286
0 1.0
-0.469387755102 0.734693877551
0 1.0
-0.469387755102 0.755102040816
0 1.0
-0.469387755102 0.775510204082
0 1.0
-0.469387755102 0.795918367347
0 1.0
-0.469387755102 0.816326530612
0 1.0
-0.469387755102 0.836734693878
0 1.0
-0.469387755102 0.857142857143
0 1.0
-0.469387755102 0.877551020408
0 1.0
-0.469387755102 0.897959183673
0 1.0
-0.469387755102 0.918367346939
0 1.0
-0.469387755102 0.938775510204
0 1.0
-0.469387755102 0.959183673469
0 1.0
-0.469387755102 0.979591836735
0 1.0
-0.469387755102 1.0
0 1.0
-0.428571428571 0.0
1.0 0.0
-0.428571428571 0.0204081632653
1.0 0.0
-0.428571428571 0.0408163265306
1.0 0.0
-0.428571428571 0.0612244897959
1.0 0.0
-0.428571428571 0.0816326530612
1.0 0.0
-0.428571428571 0.102040816327
1.0 0.0
-0.428571428571 0.122448979592
1.0 0.0
-0.428571428571 0.142857142857
1.0 0.0
-0.428571428571 0.163265306122
1.0 0.0
-0.428571428571 0.183673469388
1.0 0.0
-0.428571428571 0.204081632653
1.0 0.0
-0.428571428571 0.224489795918
1.0 0.0
-0.428571428571 0.244897959184
1.0 0.0
-0.428571428571 0.265306122449
1.0 0.0
-0.428571428571 0.285714285714
1.0 0.0
-0.428571428571 0.30612244898
1.0 0.0
-0.428571428571 0.326530612245
1.0 0.0
-0.428571428571 0.34693877551
1.0 0.0
-0.428571428571 0.367346938776
1.0 0.0
-0.428571428571 0.387755102041
1.0 0.0
-0.428571428571 0.408163265306
1.0 0.0
-0.428571428571 0.428571428571
1.0 0.0
-0.428571428571 0.448979591837
1.0 0.0
-0.428571428571 0.469387755102
0 1.0
-0.428571428571 0.489795918367
0 1.0
-0.428571428571 0.510204081633
0 1.0
-0.428571428571 0.530612244898
0 1.0
-0.428571428571 0.551020408163
0 1.0
-0.428571428571 0.571428571429
0 1.0
-0.428571428571 0.591836734694
0 1.0
-0.428571428571 0.612244897959
0 1.0
-0.428571428571 0.632653061224
0 1.0
-0.428571428571 0.65306122449
0 1.0
-0.428571428571 0.673469387755
0 1.0
-0.428571428571 0.69387755102
0 1.0
-0.428571428571 0.714285714286
0 1.0
-0.428571428571 0.734693877551
0 1.0
-0.428571428571 0.755102040816
0 1.0
-0.428571428571 0.775510204082
0 1.0
-0.428571428571 0.795918367347
0 1.0
-0.428571428571 0.816326530612
0 1.0
-0.428571428571 0.836734693878
0 1.0
-0.428571428571 0.857142857143
0 1.0
-0.428571428571 0.877551020408
0 1.0
-0.428571428571 0.897959183673
0 1.0
-0.428571428571 0.918367346939
0 1.0
-0.428571428571 0.938775510204
0 1.0
-0.428571428571 0.959183673469
0 1.0
-0.428571428571 0.979591836735
0 1.0
-0.428571428571 1.0
0 1.0
-0.387755102041 0.0
1.0 0.0
-0.387755102041 0.0204081632653
1.0 0.0
-0.387755102041 0.0408163265306
1.0 0.0
-0.387755102041 0.0612244897959
1.0 0.0
-0.387755102041 0.0816326530612
1.0 0.0
-0.387755102041 0.102040816327
1.0 0.0
-0.387755102041 0.122448979592
1.0 0.0
-0.387755102041 0.142857142857
1.0 0.0
-0.387755102041 0.163265306122
1.0 0.0
-0.387755102041 0.183673469388
1.0 0.0
-0.387755102041 0.204081632653
1.0 0.0
-0.387755102041 0.224489795918
1.0 0.0
-0.387755102041 0.244897959184
1.0 0.0
-0.387755102041 0.265306122449
1.0 0.0
-0.387755102041 0.285714285714
1.0 0.0
-0.387755102041 0.30612244898
1.0 0.0
-0.387755102041 0.326530612245
1.0 0.0
-0.387755102041 0.34693877551
1.0 0.0
-0.387755102041 0.367346938776
1.0 0.0
-0.387755102041 0.387755102041
1.0 0.0
-0.387755102041 0.408163265306
1.0 0.0
-0.387755102041 0.428571428571
1.0 0.0
-0.387755102041 0.448979591837
1.0 0.0
-0.387755102041 0.469387755102
0 1.0
-0.387755102041 0.489795918367
0 1.0
-0.387755102041 0.510204081633
0 1.0
-0.387755102041 0.530612244898
0 1.0
-0.387755102041 0.551020408163
0 1.0
-0.387755102041 0.571428571429
0 1.0
-0.387755102041 0.591836734694
0 1.0
-0.387755102041 0.612244897959
0 1.0
-0.387755102041 0.632653061224
0 1.0
-0.387755102041 0.65306122449
0 1.0
-0.387755102041 0.673469387755
0 1.0
-0.387755102041 0.69387755102
0 1.0
-0.387755102041 0.714285714286
0 1.0
-0.387755102041 0.734693877551
0 1.0
-0.387755102041 0.755102040816
0 1.0
-0.387755102041 0.775510204082
0 1.0
-0.387755102041 0.795918367347
0 1.0
-0.387755102041 0.816326530612
0 1.0
-0.387755102041 0.836734693878
0 1.0
-0.387755102041 0.857142857143
0 1.0
-0.387755102041 0.877551020408
0 1.0
-0.387755102041 0.897959183673
0 1.0
-0.387755102041 0.918367346939
0 1.0
-0.387755102041 0.938775510204
0 1.0
-0.387755102041 0.959183673469
0 1.0
-0.387755102041 0.979591836735
0 1.0
-0.387755102041 1.0
0 1.0
-0.34693877551 0.0
1.0 0.0
-0.34693877551 0.0204081632653
1.0 0.0
-0.34693877551 0.0408163265306
1.0 0.0
-0.34693877551 0.0612244897959
1.0 0.0
-0.34693877551 0.0816326530612
1.0 0.0
-0.34693877551 0.102040816327
1.0 0.0
-0.34693877551 0.122448979592
1.0 0.0
-0.34693877551 0.142857142857
1.0 0.0
-0.34693877551 0.163265306122
1.0 0.0
-0.34693877551 0.183673469388
1.0 0.0
-0.34693877551 0.204081632653
1.0 0.0
-0.34693877551 0.224489795918
1.0 0.0
-0.34693877551 0.244897959184
1.0 0.0
-0.34693877551 0.265306122449
1.0 0.0
-0.34693877551 0.285714285714
1.0 0.0
-0.34693877551 0.30612244898
1.0 0.0
-0.34693877551 0.326530612245
1.0 0.0
-0.34693877551 0.34693877551
1.0 0.0
-0.34693877551 0.367346938776
1.0 0.0
-0.34693877551 0.387755102041
1.0 0.0
-0.34693877551 0.408163265306
1.0 0.0
-0.34693877551 0.428571428571
1.0 0.0
-0.34693877551 0.448979591837
1.0 0.0
-0.34693877551 0.469387755102
0 1.0
-0.34693877551 0.489795918367
0 1.0
-0.34693877551 0.510204081633
0 1.0
-0.34693877551 0.530612244898
0 1.0
-0.34693877551 0.551020408163
0 1.0
-0.34693877551 0.571428571429
0 1.0
-0.34693877551 0.591836734694
0 1.0
-0.34693877551 0.612244897959
0 1.0
-0.34693877551 0.632653061224
0 1.0
-0.34693877551 0.65306122449
0 1.0
-0.34693877551 0.673469387755
0 1.0
-0.34693877551 0.69387755102
0 1.0
-0.34693877551 0.714285714286
0 1.0
-0.34693877551 0.734693877551
0 1.0
-0.34693877551 0.755102040816
0 1.0
-0.34693877551 0.775510204082
0 1.0
-0.34693877551 0.795918367347
0 1.0
-0.34693877551 0.816326530612
0 1.0
-0.34693877551 0.836734693878
0 1.0
-0.34693877551 0.857142857143
0 1.0
-0.34693877551 0.877551020408
0 1.0
-0.34693877551 0.897959183673
0 1.0
-0.34693877551 0.918367346939
0 1.0
-0.34693877551 0.938775510204
0 1.0
-0.34693877551 0.959183673469
0 1.0
-0.34693877551 0.979591836735
0 1.0
-0.34693877551 1.0
0 1.0
-0.30612244898 0.0
1.0 0.0
-0.30612244898 0.0204081632653
1.0 0.0
-0.30612244898 0.0408163265306
1.0 0.0
-0.30612244898 0.0612244897959
1.0 0.0
-0.30612244898 0.0816326530612
1.0 0.0
-0.30612244898 0.102040816327
1.0 0.0
-0.30612244898 0.122448979592
1.0 0.0
-0.30612244898 0.142857142857
1.0 0.0
-0.30612244898 0.163265306122
1.0 0.0
-0.30612244898 0.183673469388
1.0 0.0
-0.30612244898 0.204081632653
1.0 0.0
-0.30612244898 0.224489795918
1.0 0.0
-0.30612244898 0.244897959184
1.0 0.0
-0.30612244898 0.265306122449
1.0 0.0
-0.30612244898 0.285714285714
1.0 0.0
-0.30612244898 0.30612244898
1.0 0.0
-0.30612244898 0.326530612245
1.0 0.0
-0.30612244898 0.34693877551
1.0 0.0
-0.30612244898 0.367346938776
1.0 0.0
-0.30612244898 0.387755102041
1.0 0.0
-0.30612244898 0.408163265306
1.0 0.0
-0.30612244898 0.428571428571
1.0 0.0
-0.30612244898 0.448979591837
1.0 0.0
-0.30612244898 0.469387755102
0 1.0
-0.30612244898 0.489795918367
0 1.0
-0.30612244898 0.510204081633
0 1.0
-0.30612244898 0.530612244898
0 1.0
-0.30612244898 0.551020408163
0 1.0
-0.30612244898 0.571428571429
0 1.0
-0.30612244898 0.591836734694
0 1.0
-0.30612244898 0.612244897959
0 1.0
-0.30612244898 0.632653061224
0 1.0
-0.30612244898 0.65306122449
0 1.0
-0.30612244898 0.673469387755
0 1.0
-0.30612244898 0.69387755102
0 1.0
-0.30612244898 0.714285714286
0 1.0
-0.30612244898 0.734693877551
0 1.0
-0.30612244898 0.755102040816
0 1.0
-0.30612244898 0.775510204082
0 1.0
-0.30612244898 0.795918367347
0 1.0
-0.30612244898 0.816326530612
0 1.0
-0.30612244898 0.836734693878
0 1.0
-0.30612244898 0.857142857143
0 1.0
-0.30612244898 0.877551020408
0 1.0
-0.30612244898 0.897959183673
0 1.0
-0.30612244898 0.918367346939
0 1.0
-0.30612244898 0.938775510204
0 1.0
-0.30612244898 0.959183673469
0 1.0
-0.30612244898 0.979591836735
0 1.0
-0.30612244898 1.0
0 1.0
-0.265306122449 0.0
1.0 0.0
-0.265306122449 0.0204081632653
1.0 0.0
-0.265306122449 0.0408163265306
1.0 0.0
-0.265306122449 0.0612244897959
1.0 0.0
-0.265306122449 0.0816326530612
1.0 0.0
-0.265306122449 0.102040816327
1.0 0.0
-0.265306122449 0.122448979592
1.0 0.0
-0.265306122449 0.142857142857
1.0 0.0
-0.265306122449 0.163265306122
1.0 0.0
-0.265306122449 0.183673469388
1.0 0.0
-0.265306122449 0.204081632653
1.0 0.0
-0.265306122449 0.224489795918
1.0 0.0
-0.265306122449 0.244897959184
1.0 0.0
-0.265306122449 0.265306122449
1.0 0.0
-0.265306122449 0.285714285714
1.0 0.0
-0.265306122449 0.30612244898
1.0 0.0
-0.265306122449 0.326530612245
1.0 0.0
-0.265306122449 0.34693877551
1.0 0.0
-0.265306122449 0.367346938776
1.0 0.0
-0.265306122449 0.387755102041
1.0 0.0
-0.265306122449 0.408163265306
1.0 0.0
-0.265306122449 0.428571428571
1.0 0.0
-0.265306122449 0.448979591837
1.0 0.0
-0.265306122449 0.469387755102
0 1.0
-0.265306122449 0.489795918367
0 1.0
-0.265306122449 0.510204081633
0 1.0
-0.265306122449 0.530612244898
0 1.0
-0.265306122449 0.551020408163
0 1.0
-0.265306122449 0.571428571429
0 1.0
-0.265306122449 0.591836734694
0 1.0
-0.265306122449 0.612244897959
0 1.0
-0.265306122449 0.632653061224
0 1.0
-0.265306122449 0.65306122449
0 1.0
-0.265306122449 0.673469387755
0 1.0
-0.265306122449 0.69387755102
0 1.0
-0.265306122449 0.714285714286
0 1.0
-0.265306122449 0.734693877551
0 1.0
-0.265306122449 0.755102040816
0 1.0
-0.265306122449 0.775510204082
0 1.0
-0.265306122449 0.795918367347
0 1.0
-0.265306122449 0.816326530612
0 1.0
-0.265306122449 0.836734693878
0 1.0
-0.265306122449 0.857142857143
0 1.0
-0.265306122449 0.877551020408
0 1.0
-0.265306122449 0.897959183673
0 1.0
-0.265306122449 0.918367346939
0 1.0
-0.265306122449 0.938775510204
0 1.0
-0.265306122449 0.959183673469
0 1.0
-0.265306122449 0.979591836735
0 1.0
-0.265306122449 1.0
0 1.0
-0.224489795918 0.0
1.0 0.0
-0.224489795918 0.0204081632653
1.0 0.0
-0.224489795918 0.0408163265306
1.0 0.0
-0.224489795918 0.0612244897959
1.0 0.0
-0.224489795918 0.0816326530612
1.0 0.0
-0.224489795918 0.102040816327
1.0 0.0
-0.224489795918 0.122448979592
1.0 0.0
-0.224489795918 0.142857142857
1.0 0.0
-0.224489795918 0.163265306122
1.0 0.0
-0.224489795918 0.183673469388
1.0 0.0
-0.224489795918 0.204081632653
1.0 0.0
-0.224489795918 0.224489795918
1.0 0.0
-0.224489795918 0.244897959184
1.0 0.0
-0.224489795918 0.265306122449
1.0 0.0
-0.224489795918 0.285714285714
1.0 0.0
-0.224489795918 0.30612244898
1.0 0.0
-0.224489795918 0.326530612245
1.0 0.0
-0.224489795918 0.34693877551
1.0 0.0
-0.224489795918 0.367346938776
1.0 0.0
-0.224489795918 0.387755102041
1.0 0.0
-0.224489795918 0.408163265306
1.0 0.0
-0.224489795918 0.428571428571
1.0 0.0
-0.224489795918 0.448979591837
1.0 0.0
-0.224489795918 0.469387755102
0 1.0
-0.224489795918 0.489795918367
0 1.0
-0.224489795918 0.510204081633
0 1.0
-0.224489795918 0.530612244898
0 1.0
-0.224489795918 0.551020408163
0 1.0
-0.224489795918 0.571428571429
0 1.0
-0.224489795918 0.591836734694
0 1.0
-0.224489795918 0.612244897959
0 1.0
-0.224489795918 0.632653061224
0 1.0
-0.224489795918 0.65306122449
0 1.0
-0.224489795918 0.673469387755
0 1.0
-0.224489795918 0.69387755102
0 1.0
-0.224489795918 0.714285714286
0 1.0
-0.224489795918 0.734693877551
0 1.0
-0.224489795918 0.755102040816
0 1.0
-0.224489795918 0.775510204082
0 1.0
-0.224489795918 0.795918367347
0 1.0
-0.224489795918 0.816326530612
0 1.0
-0.224489795918 0.836734693878
0 1.0
-0.224489795918 0.857142857143
0 1.0
-0.224489795918 0.877551020408
0 1.0
-0.224489795918 0.897959183673
0 1.0
-0.224489795918 0.918367346939
0 1.0
-0.224489795918 0.938775510204
0 1.0
-0.224489795918 0.959183673469
0 1.0
-0.224489795918 0.979591836735
0 1.0
-0.224489795918 1.0
0 1.0
-0.183673469388 0.0
1.0 0.0
-0.183673469388 0.0204081632653
1.0 0.0
-0.183673469388 0.0408163265306
1.0 0.0
-0.183673469388 0.0612244897959
1.0 0.0
-0.183673469388 0.0816326530612
1.0 0.0
-0.183673469388 0.102040816327
1.0 0.0
-0.183673469388 0.122448979592
1.0 0.0
-0.183673469388 0.142857142857
1.0 0.0
-0.183673469388 0.163265306122
1.0 0.0
-0.183673469388 0.183673469388
1.0 0.0
-0.183673469388 0.204081632653
1.0 0.0
-0.183673469388 0.224489795918
1.0 0.0
-0.183673469388 0.244897959184
1.0 0.0
-0.183673469388 0.265306122449
1.0 0.0
-0.183673469388 0.285714285714
1.0 0.0
-0.183673469388 0.30612244898
1.0 0.0
-0.183673469388 0.326530612245
1.0 0.0
-0.183673469388 0.34693877551
1.0 0.0
-0.183673469388 0.367346938776
1.0 0.0
-0.183673469388 0.387755102041
1.0 0.0
-0.183673469388 0.408163265306
1.0 0.0
-0.183673469388 0.428571428571
1.0 0.0
-0.183673469388 0.448979591837
1.0 0.0
-0.183673469388 0.469387755102
0 1.0
-0.183673469388 0.489795918367
0 1.0
-0.183673469388 0.510204081633
0 1.0
-0.183673469388 0.530612244898
0 1.0
-0.183673469388 0.551020408163
0 1.0
-0.183673469388 0.571428571429
0 1.0
-0.183673469388 0.591836734694
0 1.0
-0.183673469388 0.612244897959
0 1.0
-0.183673469388 0.632653061224
0 1.0
-0.183673469388 0.65306122449
0 1.0
-0.183673469388 0.673469387755
0 1.0
-0.183673469388 0.69387755102
0 1.0
-0.183673469388 0.714285714286
0 1.0
-0.183673469388 0.734693877551
0 1.0
-0.183673469388 0.755102040816
0 1.0
-0.183673469388 0.775510204082
0 1.0
-0.183673469388 0.795918367347
0 1.0
-0.183673469388 0.816326530612
0 1.0
-0.183673469388 0.836734693878
0 1.0
-0.183673469388 0.857142857143
0 1.0
-0.183673469388 0.877551020408
0 1.0
-0.183673469388 0.897959183673
0 1.0
-0.183673469388 0.918367346939
0 1.0
-0.183673469388 0.938775510204
0 1.0
-0.183673469388 0.959183673469
0 1.0
-0.183673469388 0.979591836735
0 1.0
-0.183673469388 1.0
0 1.0
-0.142857142857 0.0
1.0 0.0
-0.142857142857 0.0204081632653
1.0 0.0
-0.142857142857 0.0408163265306
1.0 0.0
-0.142857142857 0.0612244897959
1.0 0.0
-0.142857142857 0.0816326530612
1.0 0.0
-0.142857142857 0.102040816327
1.0 0.0
-0.142857142857 0.122448979592
1.0 0.0
-0.142857142857 0.142857142857
1.0 0.0
-0.142857142857 0.163265306122
1.0 0.0
-0.142857142857 0.183673469388
1.0 0.0
-0.142857142857 0.204081632653
1.0 0.0
-0.142857142857 0.224489795918
1.0 0.0
-0.142857142857 0.244897959184
1.0 0.0
-0.142857142857 0.265306122449
1.0 0.0
-0.142857142857 0.285714285714
1.0 0.0
-0.142857142857 0.30612244898
1.0 0.0
-0.142857142857 0.326530612245
1.0 0.0
-0.142857142857 0.34693877551
1.0 0.0
-0.142857142857 0.367346938776
1.0 0.0
-0.142857142857 0.387755102041
1.0 0.0
-0.142857142857 0.408163265306
1.0 0.0
-0.142857142857 0.428571428571
1.0 0.0
-0.142857142857 0.448979591837
1.0 0.0
-0.142857142857 0.469387755102
0 1.0
-0.142857142857 0.489795918367
0 1.0
-0.142857142857 0.510204081633
0 1.0
-0.142857142857 0.530612244898
0 1.0
-0.142857142857 0.551020408163
0 1.0
-0.142857142857 0.571428571429
0 1.0
-0.142857142857 0.591836734694
0 1.0
-0.142857142857 0.612244897959
0 1.0
-0.142857142857 0.632653061224
0 1.0
-0.142857142857 0.65306122449
0 1.0
-0.142857142857 0.673469387755
0 1.0
-0.142857142857 0.69387755102
0 1.0
-0.142857142857 0.714285714286
0 1.0
-0.142857142857 0.734693877551
0 1.0
-0.142857142857 0.755102040816
0 1.0
-0.142857142857 0.775510204082
0 1.0
-0.142857142857 0.795918367347
0 1.0
-0.142857142857 0.816326530612
0 1.0
-0.142857142857 0.836734693878
0 1.0
-0.142857142857 0.857142857143
0 1.0
-0.142857142857 0.877551020408
0 1.0
-0.142857142857 0.897959183673
0 1.0
-0.142857142857 0.918367346939
0 1.0
-0.142857142857 0.938775510204
0 1.0
-0.142857142857 0.959183673469
0 1.0
-0.142857142857 0.979591836735
0 1.0
-0.142857142857 1.0
0 1.0
-0.102040816327 0.0
1.0 0.0
-0.102040816327 0.0204081632653
1.0 0.0
-0.102040816327 0.0408163265306
1.0 0.0
-0.102040816327 0.0612244897959
1.0 0.0
-0.102040816327 0.0816326530612
1.0 0.0
-0.102040816327 0.102040816327
1.0 0.0
-0.102040816327 0.122448979592
1.0 0.0
-0.102040816327 0.142857142857
1.0 0.0
-0.102040816327 0.163265306122
1.0 0.0
-0.102040816327 0.183673469388
1.0 0.0
-0.102040816327 0.204081632653
1.0 0.0
-0.102040816327 0.224489795918
1.0 0.0
-0.102040816327 0.244897959184
1.0 0.0
-0.102040816327 0.265306122449
1.0 0.0
-0.102040816327 0.285714285714
1.0 0.0
-0.102040816327 0.30612244898
1.0 0.0
-0.102040816327 0.326530612245
1.0 0.0
-0.102040816327 0.34693877551
1.0 0.0
-0.102040816327 0.367346938776
1.0 0.0
-0.102040816327 0.387755102041
1.0 0.0
-0.102040816327 0.408163265306
1.0 0.0
-0.102040816327 0.428571428571
1.0 0.0
-0.102040816327 0.448979591837
1.0 0.0
-0.102040816327 0.469387755102
0 1.0
-0.102040816327 0.489795918367
0 1.0
-0.102040816327 0.510204081633
0 1.0
-0.102040816327 0.530612244898
0 1.0
-0.102040816327 0.551020408163
0 1.0
-0.102040816327 0.571428571429
0 1.0
-0.102040816327 0.591836734694
0 1.0
-0.102040816327 0.612244897959
0 1.0
-0.102040816327 0.632653061224
0 1.0
-0.102040816327 0.65306122449
0 1.0
-0.102040816327 0.673469387755
0 1.0
-0.102040816327 0.69387755102
0 1.0
-0.102040816327 0.714285714286
0 1.0
-0.102040816327 0.734693877551
0 1.0
-0.102040816327 0.755102040816
0 1.0
-0.102040816327 0.775510204082
0 1.0
-0.102040816327 0.795918367347
0 1.0
-0.102040816327 0.816326530612
0 1.0
-0.102040816327 0.836734693878
0 1.0
-0.102040816327 0.857142857143
0 1.0
-0.102040816327 0.877551020408
0 1.0
-0.102040816327 0.897959183673
0 1.0
-0.102040816327 0.918367346939
0 1.0
-0.102040816327 0.938775510204
0 1.0
-0.102040816327 0.959183673469
0 1.0
-0.102040816327 0.979591836735
0 1.0
-0.102040816327 1.0
0 1.0
-0.0612244897959 0.0
1.0 0.0
-0.0612244897959 0.0204081632653
1.0 0.0
-0.0612244897959 0.0408163265306
1.0 0.0
-0.0612244897959 0.0612244897959
1.0 0.0
-0.0612244897959 0.0816326530612
1.0 0.0
-0.0612244897959 0.102040816327
1.0 0.0
-0.0612244897959 0.122448979592
1.0 0.0
-0.0612244897959 0.142857142857
1.0 0.0
-0.0612244897959 0.163265306122
1.0 0.0
-0.0612244897959 0.183673469388
1.0 0.0
-0.0612244897959 0.204081632653
1.0 0.0
-0.0612244897959 0.224489795918
1.0 0.0
-0.0612244897959 0.244897959184
1.0 0.0
-0.0612244897959 0.265306122449
1.0 0.0
-0.0612244897959 0.285714285714
1.0 0.0
-0.0612244897959 0.30612244898
1.0 0.0
-0.0612244897959 0.326530612245
1.0 0.0
-0.0612244897959 0.34693877551
1.0 0.0
-0.0612244897959 0.367346938776
1.0 0.0
-0.0612244897959 0.387755102041
1.0 0.0
-0.0612244897959 0.408163265306
1.0 0.0
-0.0612244897959 0.428571428571
1.0 0.0
-0.0612244897959 0.448979591837
1.0 0.0
-0.0612244897959 0.469387755102
0 1.0
-0.0612244897959 0.489795918367
0 1.0
-0.0612244897959 0.510204081633
0 1.0
-0.0612244897959 0.530612244898
0 1.0
-0.0612244897959 0.551020408163
0 1.0
-0.0612244897959 0.571428571429
0 1.0
-0.0612244897959 0.591836734694
0 1.0
-0.0612244897959 0.612244897959
0 1.0
-0.0612244897959 0.632653061224
0 1.0
-0.0612244897959 0.65306122449
0 1.0
-0.0612244897959 0.673469387755
0 1.0
-0.0612244897959 0.69387755102
0 1.0
-0.0612244897959 0.714285714286
0 1.0
-0.0612244897959 0.734693877551
0 1.0
-0.0612244897959 0.755102040816
0 1.0
-0.0612244897959 0.775510204082
0 1.0
-0.0612244897959 0.795918367347
0 1.0
-0.0612244897959 0.816326530612
0 1.0
-0.0612244897959 0.836734693878
0 1.0
-0.0612244897959 0.857142857143
0 1.0
-0.0612244897959 0.877551020408
0 1.0
-0.0612244897959 0.897959183673
0 1.0
-0.0612244897959 0.918367346939
0 1.0
-0.0612244897959 0.938775510204
0 1.0
-0.0612244897959 0.959183673469
0 1.0
-0.0612244897959 0.979591836735
0 1.0
-0.0612244897959 1.0
0 1.0
-0.0204081632653 0.0
1.0 0.0
-0.0204081632653 0.0204081632653
1.0 0.0
-0.0204081632653 0.0408163265306
1.0 0.0
-0.0204081632653 0.0612244897959
1.0 0.0
-0.0204081632653 0.0816326530612
1.0 0.0
-0.0204081632653 0.102040816327
1.0 0.0
-0.0204081632653 0.122448979592
1.0 0.0
-0.0204081632653 0.142857142857
1.0 0.0
-0.0204081632653 0.163265306122
1.0 0.0
-0.0204081632653 0.183673469388
1.0 0.0
-0.0204081632653 0.204081632653
1.0 0.0
-0.0204081632653 0.224489795918
1.0 0.0
-0.0204081632653 0.244897959184
1.0 0.0
-0.0204081632653 0.265306122449
1.0 0.0
-0.0204081632653 0.285714285714
1.0 0.0
-0.0204081632653 0.30612244898
1.0 0.0
-0.0204081632653 0.326530612245
1.0 0.0
-0.0204081632653 0.34693877551
1.0 0.0
-0.0204081632653 0.367346938776
1.0 0.0
-0.0204081632653 0.387755102041
1.0 0.0
-0.0204081632653 0.408163265306
1.0 0.0
-0.0204081632653 0.428571428571
1.0 0.0
-0.0204081632653 0.448979591837
1.0 0.0
-0.0204081632653 0.469387755102
0 1.0
-0.0204081632653 0.489795918367
0 1.0
-0.0204081632653 0.510204081633
0 1.0
-0.0204081632653 0.530612244898
0 1.0
-0.0204081632653 0.551020408163
0 1.0
-0.0204081632653 0.571428571429
0 1.0
-0.0204081632653 0.591836734694
0 1.0
-0.0204081632653 0.612244897959
0 1.0
-0.0204081632653 0.632653061224
0 1.0
-0.0204081632653 0.65306122449
0 1.0
-0.0204081632653 0.673469387755
0 1.0
-0.0204081632653 0.69387755102
0 1.0
-0.0204081632653 0.714285714286
0 1.0
-0.0204081632653 0.734693877551
0 1.0
-0.0204081632653 0.755102040816
0 1.0
-0.0204081632653 0.775510204082
0 1.0
-0.0204081632653 0.795918367347
0 1.0
-0.0204081632653 0.816326530612
0 1.0
-0.0204081632653 0.836734693878
0 1.0
-0.0204081632653 0.857142857143
0 1.0
-0.0204081632653 0.877551020408
0 1.0
-0.0204081632653 0.897959183673
0 1.0
-0.0204081632653 0.918367346939
0 1.0
-0.0204081632653 0.938775510204
0 1.0
-0.0204081632653 0.959183673469
0 1.0
-0.0204081632653 0.979591836735
0 1.0
-0.0204081632653 1.0
0 1.0
0.0204081632653 0.0
1.0 0.0
0.0204081632653 0.0204081632653
1.0 0.0
0.0204081632653 0.0408163265306
1.0 0.0
0.0204081632653 0.0612244897959
1.0 0.0
0.0204081632653 0.0816326530612
1.0 0.0
0.0204081632653 0.102040816327
1.0 0.0
0.0204081632653 0.122448979592
1.0 0.0
0.0204081632653 0.142857142857
1.0 0.0
0.0204081632653 0.163265306122
1.0 0.0
0.0204081632653 0.183673469388
1.0 0.0
0.0204081632653 0.204081632653
1.0 0.0
0.0204081632653 0.224489795918
1.0 0.0
0.0204081632653 0.244897959184
1.0 0.0
0.0204081632653 0.265306122449
1.0 0.0
0.0204081632653 0.285714285714
1.0 0.0
0.0204081632653 0.30612244898
1.0 0.0
0.0204081632653 0.326530612245
1.0 0.0
0.0204081632653 0.34693877551
1.0 0.0
0.0204081632653 0.367346938776
1.0 0.0
0.0204081632653 0.387755102041
1.0 0.0
0.0204081632653 0.408163265306
1.0 0.0
0.0204081632653 0.428571428571
1.0 0.0
0.0204081632653 0.448979591837
1.0 0.0
0.0204081632653 0.469387755102
0 1.0
0.0204081632653 0.489795918367
0 1.0
0.0204081632653 0.510204081633
0 1.0
0.0204081632653 0.530612244898
0 1.0
0.0204081632653 0.551020408163
0 1.0
0.0204081632653 0.571428571429
0 1.0
0.0204081632653 0.591836734694
0 1.0
0.0204081632653 0.612244897959
0 1.0
0.0204081632653 0.632653061224
0 1.0
0.0204081632653 0.65306122449
0 1.0
0.0204081632653 0.673469387755
0 1.0
0.0204081632653 0.69387755102
0 1.0
0.0204081632653 0.714285714286
0 1.0
0.0204081632653 0.734693877551
0 1.0
0.0204081632653 0.755102040816
0 1.0
0.0204081632653 0.775510204082
0 1.0
0.0204081632653 0.795918367347
0 1.0
0.0204081632653 0.816326530612
0 1.0
0.0204081632653 0.836734693878
0 1.0
0.0204081632653 0.857142857143
0 1.0
0.0204081632653 0.877551020408
0 1.0
0.0204081632653 0.897959183673
0 1.0
0.0204081632653 0.918367346939
0 1.0
0.0204081632653 0.938775510204
0 1.0
0.0204081632653 0.959183673469
0 1.0
0.0204081632653 0.979591836735
0 1.0
0.0204081632653 1.0
0 1.0
0.0612244897959 0.0
1.0 0.0
0.0612244897959 0.0204081632653
1.0 0.0
0.0612244897959 0.0408163265306
1.0 0.0
0.0612244897959 0.0612244897959
1.0 0.0
0.0612244897959 0.0816326530612
1.0 0.0
0.0612244897959 0.102040816327
1.0 0.0
0.0612244897959 0.122448979592
1.0 0.0
0.0612244897959 0.142857142857
1.0 0.0
0.0612244897959 0.163265306122
1.0 0.0
0.0612244897959 0.183673469388
1.0 0.0
0.0612244897959 0.204081632653
1.0 0.0
0.0612244897959 0.224489795918
1.0 0.0
0.0612244897959 0.244897959184
1.0 0.0
0.0612244897959 0.265306122449
1.0 0.0
0.0612244897959 0.285714285714
1.0 0.0
0.0612244897959 0.30612244898
1.0 0.0
0.0612244897959 0.326530612245
1.0 0.0
0.0612244897959 0.34693877551
1.0 0.0
0.0612244897959 0.367346938776
1.0 0.0
0.0612244897959 0.387755102041
1.0 0.0
0.0612244897959 0.408163265306
1.0 0.0
0.0612244897959 0.428571428571
1.0 0.0
0.0612244897959 0.448979591837
1.0 0.0
0.0612244897959 0.469387755102
0 1.0
0.0612244897959 0.489795918367
0 1.0
0.0612244897959 0.510204081633
0 1.0
0.0612244897959 0.530612244898
0 1.0
0.0612244897959 0.551020408163
0 1.0
0.0612244897959 0.571428571429
0 1.0
0.0612244897959 0.591836734694
0 1.0
0.0612244897959 0.612244897959
0 1.0
0.0612244897959 0.632653061224
0 1.0
0.0612244897959 0.65306122449
0 1.0
0.0612244897959 0.673469387755
0 1.0
0.0612244897959 0.69387755102
0 1.0
0.0612244897959 0.714285714286
0 1.0
0.0612244897959 0.734693877551
0 1.0
0.0612244897959 0.755102040816
0 1.0
0.0612244897959 0.775510204082
0 1.0
0.0612244897959 0.795918367347
0 1.0
0.0612244897959 0.816326530612
0 1.0
0.0612244897959 0.836734693878
0 1.0
0.0612244897959 0.857142857143
0 1.0
0.0612244897959 0.877551020408
0 1.0
0.0612244897959 0.897959183673
0 1.0
0.0612244897959 0.918367346939
0 1.0
0.0612244897959 0.938775510204
0 1.0
0.0612244897959 0.959183673469
0 1.0
0.0612244897959 0.979591836735
0 1.0
0.0612244897959 1.0
0 1.0
0.102040816327 0.0
1.0 0.0
0.102040816327 0.0204081632653
1.0 0.0
0.102040816327 0.0408163265306
1.0 0.0
0.102040816327 0.0612244897959
1.0 0.0
0.102040816327 0.0816326530612
1.0 0.0
0.102040816327 0.102040816327
1.0 0.0
0.102040816327 0.122448979592
1.0 0.0
0.102040816327 0.142857142857
1.0 0.0
0.102040816327 0.163265306122
1.0 0.0
0.102040816327 0.183673469388
1.0 0.0
0.102040816327 0.204081632653
1.0 0.0
0.102040816327 0.224489795918
1.0 0.0
0.102040816327 0.244897959184
1.0 0.0
0.102040816327 0.265306122449
1.0 0.0
0.102040816327 0.285714285714
1.0 0.0
0.102040816327 0.30612244898
1.0 0.0
0.102040816327 0.326530612245
1.0 0.0
0.102040816327 0.34693877551
1.0 0.0
0.102040816327 0.367346938776
1.0 0.0
0.102040816327 0.387755102041
1.0 0.0
0.102040816327 0.408163265306
1.0 0.0
0.102040816327 0.428571428571
1.0 0.0
0.102040816327 0.448979591837
1.0 0.0
0.102040816327 0.469387755102
0 1.0
0.102040816327 0.489795918367
0 1.0
0.102040816327 0.510204081633
0 1.0
0.102040816327 0.530612244898
0 1.0
0.102040816327 0.551020408163
0 1.0
0.102040816327 0.571428571429
0 1.0
0.102040816327 0.591836734694
0 1.0
0.102040816327 0.612244897959
0 1.0
0.102040816327 0.632653061224
0 1.0
0.102040816327 0.65306122449
0 1.0
0.102040816327 0.673469387755
0 1.0
0.102040816327 0.69387755102
0 1.0
0.102040816327 0.714285714286
0 1.0
0.102040816327 0.734693877551
0 1.0
0.102040816327 0.755102040816
0 1.0
0.102040816327 0.775510204082
0 1.0
0.102040816327 0.795918367347
0 1.0
0.102040816327 0.816326530612
0 1.0
0.102040816327 0.836734693878
0 1.0
0.102040816327 0.857142857143
0 1.0
0.102040816327 0.877551020408
0 1.0
0.102040816327 0.897959183673
0 1.0
0.102040816327 0.918367346939
0 1.0
0.102040816327 0.938775510204
0 1.0
0.102040816327 0.959183673469
0 1.0
0.102040816327 0.979591836735
0 1.0
0.102040816327 1.0
0 1.0
0.142857142857 0.0
1.0 0.0
0.142857142857 0.0204081632653
1.0 0.0
0.142857142857 0.0408163265306
1.0 0.0
0.142857142857 0.0612244897959
1.0 0.0
0.142857142857 0.0816326530612
1.0 0.0
0.142857142857 0.102040816327
1.0 0.0
0.142857142857 0.122448979592
1.0 0.0
0.142857142857 0.142857142857
1.0 0.0
0.142857142857 0.163265306122
1.0 0.0
0.142857142857 0.183673469388
1.0 0.0
0.142857142857 0.204081632653
1.0 0.0
0.142857142857 0.224489795918
1.0 0.0
0.142857142857 0.244897959184
1.0 0.0
0.142857142857 0.265306122449
1.0 0.0
0.142857142857 0.285714285714
1.0 0.0
0.142857142857 0.30612244898
1.0 0.0
0.142857142857 0.326530612245
1.0 0.0
0.142857142857 0.34693877551
1.0 0.0
0.142857142857 0.367346938776
1.0 0.0
0.142857142857 0.387755102041
1.0 0.0
0.142857142857 0.408163265306
1.0 0.0
0.142857142857 0.428571428571
1.0 0.0
0.142857142857 0.448979591837
1.0 0.0
0.142857142857 0.469387755102
0 1.0
0.142857142857 0.489795918367
0 1.0
0.142857142857 0.510204081633
0 1.0
0.142857142857 0.530612244898
0 1.0
0.142857142857 0.551020408163
0 1.0
0.142857142857 0.571428571429
0 1.0
0.142857142857 0.591836734694
0 1.0
0.142857142857 0.612244897959
0 1.0
0.142857142857 0.632653061224
0 1.0
0.142857142857 0.65306122449
0 1.0
0.142857142857 0.673469387755
0 1.0
0.142857142857 0.69387755102
0 1.0
0.142857142857 0.714285714286
0 1.0
0.142857142857 0.734693877551
0 1.0
0.142857142857 0.755102040816
0 1.0
0.142857142857 0.775510204082
0 1.0
0.142857142857 0.795918367347
0 1.0
0.142857142857 0.816326530612
0 1.0
0.142857142857 0.836734693878
0 1.0
0.142857142857 0.857142857143
0 1.0
0.142857142857 0.877551020408
0 1.0
0.142857142857 0.897959183673
0 1.0
0.142857142857 0.918367346939
0 1.0
0.142857142857 0.938775510204
0 1.0
0.142857142857 0.959183673469
0 1.0
0.142857142857 0.979591836735
0 1.0
0.142857142857 1.0
0 1.0
0.183673469388 0.0
1.0 0.0
0.183673469388 0.0204081632653
1.0 0.0
0.183673469388 0.0408163265306
1.0 0.0
0.183673469388 0.0612244897959
1.0 0.0
0.183673469388 0.0816326530612
1.0 0.0
0.183673469388 0.102040816327
1.0 0.0
0.183673469388 0.122448979592
1.0 0.0
0.183673469388 0.142857142857
1.0 0.0
0.183673469388 0.163265306122
1.0 0.0
0.183673469388 0.183673469388
1.0 0.0
0.183673469388 0.204081632653
1.0 0.0
0.183673469388 0.224489795918
1.0 0.0
0.183673469388 0.244897959184
1.0 0.0
0.183673469388 0.265306122449
1.0 0.0
0.183673469388 0.285714285714
1.0 0.0
0.183673469388 0.30612244898
1.0 0.0
0.183673469388 0.326530612245
1.0 0.0
0.183673469388 0.34693877551
1.0 0.0
0.183673469388 0.367346938776
1.0 0.0
0.183673469388 0.387755102041
1.0 0.0
0.183673469388 0.408163265306
1.0 0.0
0.183673469388 0.428571428571
1.0 0.0
0.183673469388 0.448979591837
1.0 0.0
0.183673469388 0.469387755102
0 1.0
0.183673469388 0.489795918367
0 1.0
0.183673469388 0.510204081633
0 1.0
0.183673469388 0.530612244898
0 1.0
0.183673469388 0.551020408163
0 1.0
0.183673469388 0.571428571429
0 1.0
0.183673469388 0.591836734694
0 1.0
0.183673469388 0.612244897959
0 1.0
0.183673469388 0.632653061224
0 1.0
0.183673469388 0.65306122449
0 1.0
0.183673469388 0.673469387755
0 1.0
0.183673469388 0.69387755102
0 1.0
0.183673469388 0.714285714286
0 1.0
0.183673469388 0.734693877551
0 1.0
0.183673469388 0.755102040816
0 1.0
0.183673469388 0.775510204082
0 1.0
0.183673469388 0.795918367347
0 1.0
0.183673469388 0.816326530612
0 1.0
0.183673469388 0.836734693878
0 1.0
0.183673469388 0.857142857143
0 1.0
0.183673469388 0.877551020408
0 1.0
0.183673469388 0.897959183673
0 1.0
0.183673469388 0.918367346939
0 1.0
0.183673469388 0.938775510204
0 1.0
0.183673469388 0.959183673469
0 1.0
0.183673469388 0.979591836735
0 1.0
0.183673469388 1.0
0 1.0
0.224489795918 0.0
1.0 0.0
0.224489795918 0.0204081632653
1.0 0.0
0.224489795918 0.0408163265306
1.0 0.0
0.224489795918 0.0612244897959
1.0 0.0
0.224489795918 0.0816326530612
1.0 0.0
0.224489795918 0.102040816327
1.0 0.0
0.224489795918 0.122448979592
1.0 0.0
0.224489795918 0.142857142857
1.0 0.0
0.224489795918 0.163265306122
1.0 0.0
0.224489795918 0.183673469388
1.0 0.0
0.224489795918 0.204081632653
1.0 0.0
0.224489795918 0.224489795918
1.0 0.0
0.224489795918 0.244897959184
1.0 0.0
0.224489795918 0.265306122449
1.0 0.0
0.224489795918 0.285714285714
1.0 0.0
0.224489795918 0.30612244898
1.0 0.0
0.224489795918 0.326530612245
1.0 0.0
0.224489795918 0.34693877551
1.0 0.0
0.224489795918 0.367346938776
1.0 0.0
0.224489795918 0.387755102041
1.0 0.0
0.224489795918 0.408163265306
1.0 0.0
0.224489795918 0.428571428571
1.0 0.0
0.224489795918 0.448979591837
1.0 0.0
0.224489795918 0.469387755102
0 1.0
0.224489795918 0.489795918367
0 1.0
0.224489795918 0.510204081633
0 1.0
0.224489795918 0.530612244898
0 1.0
0.224489795918 0.551020408163
0 1.0
0.224489795918 0.571428571429
0 1.0
0.224489795918 0.591836734694
0 1.0
0.224489795918 0.612244897959
0 1.0
0.224489795918 0.632653061224
0 1.0
0.224489795918 0.65306122449
0 1.0
0.224489795918 0.673469387755
0 1.0
0.224489795918 0.69387755102
0 1.0
0.224489795918 0.714285714286
0 1.0
0.224489795918 0.734693877551
0 1.0
0.224489795918 0.755102040816
0 1.0
0.224489795918 0.775510204082
0 1.0
0.224489795918 0.795918367347
0 1.0
0.224489795918 0.816326530612
0 1.0
0.224489795918 0.836734693878
0 1.0
0.224489795918 0.857142857143
0 1.0
0.224489795918 0.877551020408
0 1.0
0.224489795918 0.897959183673
0 1.0
0.224489795918 0.918367346939
0 1.0
0.224489795918 0.938775510204
0 1.0
0.224489795918 0.959183673469
0 1.0
0.224489795918 0.979591836735
0 1.0
0.224489795918 1.0
0 1.0
0.265306122449 0.0
1.0 0.0
0.265306122449 0.0204081632653
1.0 0.0
0.265306122449 0.0408163265306
1.0 0.0
0.265306122449 0.0612244897959
1.0 0.0
0.265306122449 0.0816326530612
1.0 0.0
0.265306122449 0.102040816327
1.0 0.0
0.265306122449 0.122448979592
1.0 0.0
0.265306122449 0.142857142857
1.0 0.0
0.265306122449 0.163265306122
1.0 0.0
0.265306122449 0.183673469388
1.0 0.0
0.265306122449 0.204081632653
1.0 0.0
0.265306122449 0.224489795918
1.0 0.0
0.265306122449 0.244897959184
1.0 0.0
0.265306122449 0.265306122449
1.0 0.0
0.265306122449 0.285714285714
1.0 0.0
0.265306122449 0.30612244898
1.0 0.0
0.265306122449 0.326530612245
1.0 0.0
0.265306122449 0.34693877551
1.0 0.0
0.265306122449 0.367346938776
1.0 0.0
0.265306122449 0.387755102041
1.0 0.0
0.265306122449 0.408163265306
1.0 0.0
0.265306122449 0.428571428571
1.0 0.0
0.265306122449 0.448979591837
1.0 0.0
0.265306122449 0.469387755102
0 1.0
0.265306122449 0.489795918367
0 1.0
0.265306122449 0.510204081633
0 1.0
0.265306122449 0.530612244898
0 1.0
0.265306122449 0.551020408163
0 1.0
0.265306122449 0.571428571429
0 1.0
0.265306122449 0.591836734694
0 1.0
0.265306122449 0.612244897959
0 1.0
0.265306122449 0.632653061224
0 1.0
0.265306122449 0.65306122449
0 1.0
0.265306122449 0.673469387755
0 1.0
0.265306122449 0.69387755102
0 1.0
0.265306122449 0.714285714286
0 1.0
0.265306122449 0.734693877551
0 1.0
0.265306122449 0.755102040816
0 1.0
0.265306122449 0.775510204082
0 1.0
0.265306122449 0.795918367347
0 1.0
0.265306122449 0.816326530612
0 1.0
0.265306122449 0.836734693878
0 1.0
0.265306122449 0.857142857143
0 1.0
0.265306122449 0.877551020408
0 1.0
0.265306122449 0.897959183673
0 1.0
0.265306122449 0.918367346939
0 1.0
0.265306122449 0.938775510204
0 1.0
0.265306122449 0.959183673469
0 1.0
0.265306122449 0.979591836735
0 1.0
0.265306122449 1.0
0 1.0
0.30612244898 0.0
1.0 0.0
0.30612244898 0.0204081632653
1.0 0.0
0.30612244898 0.0408163265306
1.0 0.0
0.30612244898 0.0612244897959
1.0 0.0
0.30612244898 0.0816326530612
1.0 0.0
0.30612244898 0.102040816327
1.0 0.0
0.30612244898 0.122448979592
1.0 0.0
0.30612244898 0.142857142857
1.0 0.0
0.30612244898 0.163265306122
1.0 0.0
0.30612244898 0.183673469388
1.0 0.0
0.30612244898 0.204081632653
1.0 0.0
0.30612244898 0.224489795918
1.0 0.0
0.30612244898 0.244897959184
1.0 0.0
0.30612244898 0.265306122449
1.0 0.0
0.30612244898 0.285714285714
1.0 0.0
0.30612244898 0.30612244898
1.0 0.0
0.30612244898 0.326530612245
1.0 0.0
0.30612244898 0.34693877551
1.0 0.0
0.30612244898 0.367346938776
1.0 0.0
0.30612244898 0.387755102041
1.0 0.0
0.30612244898 0.408163265306
1.0 0.0
0.30612244898 0.428571428571
1.0 0.0
0.30612244898 0.448979591837
1.0 0.0
0.30612244898 0.469387755102
0 1.0
0.30612244898 0.489795918367
0 1.0
0.30612244898 0.510204081633
0 1.0
0.30612244898 0.530612244898
0 1.0
0.30612244898 0.551020408163
0 1.0
0.30612244898 0.571428571429
0 1.0
0.30612244898 0.591836734694
0 1.0
0.30612244898 0.612244897959
0 1.0
0.30612244898 0.632653061224
0 1.0
0.30612244898 0.65306122449
0 1.0
0.30612244898 0.673469387755
0 1.0
0.30612244898 0.69387755102
0 1.0
0.30612244898 0.714285714286
0 1.0
0.30612244898 0.734693877551
0 1.0
0.30612244898 0.755102040816
0 1.0
0.30612244898 0.775510204082
0 1.0
0.30612244898 0.795918367347
0 1.0
0.30612244898 0.816326530612
0 1.0
0.30612244898 0.836734693878
0 1.0
0.30612244898 0.857142857143
0 1.0
0.30612244898 0.877551020408
0 1.0
0.30612244898 0.897959183673
0 1.0
0.30612244898 0.918367346939
0 1.0
0.30612244898 0.938775510204
0 1.0
0.30612244898 0.959183673469
0 1.0
0.30612244898 0.979591836735
0 1.0
0.30612244898 1.0
0 1.0
0.34693877551 0.0
1.0 0.0
0.34693877551 0.0204081632653
1.0 0.0
0.34693877551 0.0408163265306
1.0 0.0
0.34693877551 0.0612244897959
1.0 0.0
0.34693877551 0.0816326530612
1.0 0.0
0.34693877551 0.102040816327
1.0 0.0
0.34693877551 0.122448979592
1.0 0.0
0.34693877551 0.142857142857
1.0 0.0
0.34693877551 0.163265306122
1.0 0.0
0.34693877551 0.183673469388
1.0 0.0
0.34693877551 0.204081632653
1.0 0.0
0.34693877551 0.224489795918
1.0 0.0
0.34693877551 0.244897959184
1.0 0.0
0.34693877551 0.265306122449
1.0 0.0
0.34693877551 0.285714285714
1.0 0.0
0.34693877551 0.30612244898
1.0 0.0
0.34693877551 0.326530612245
1.0 0.0
0.34693877551 0.34693877551
1.0 0.0
0.34693877551 0.367346938776
1.0 0.0
0.34693877551 0.387755102041
1.0 0.0
0.34693877551 0.408163265306
1.0 0.0
0.34693877551 0.428571428571
1.0 0.0
0.34693877551 0.448979591837
1.0 0.0
0.34693877551 0.469387755102
0 1.0
0.34693877551 0.489795918367
0 1.0
0.34693877551 0.510204081633
0 1.0
0.34693877551 0.530612244898
0 1.0
0.34693877551 0.551020408163
0 1.0
0.34693877551 0.571428571429
0 1.0
0.34693877551 0.591836734694
0 1.0
0.34693877551 0.612244897959
0 1.0
0.34693877551 0.632653061224
0 1.0
0.34693877551 0.65306122449
0 1.0
0.34693877551 0.673469387755
0 1.0
0.34693877551 0.69387755102
0 1.0
0.34693877551 0.714285714286
0 1.0
0.34693877551 0.734693877551
0 1.0
0.34693877551 0.755102040816
0 1.0
0.34693877551 0.775510204082
0 1.0
0.34693877551 0.795918367347
0 1.0
0.34693877551 0.816326530612
0 1.0
0.34693877551 0.836734693878
0 1.0
0.34693877551 0.857142857143
0 1.0
0.34693877551 0.877551020408
0 1.0
0.34693877551 0.897959183673
0 1.0
0.34693877551 0.918367346939
0 1.0
0.34693877551 0.938775510204
0 1.0
0.34693877551 0.959183673469
0 1.0
0.34693877551 0.979591836735
0 1.0
0.34693877551 1.0
0 1.0
0.387755102041 0.0
1.0 0.0
0.387755102041 0.0204081632653
1.0 0.0
0.387755102041 0.0408163265306
1.0 0.0
0.387755102041 0.0612244897959
1.0 0.0
0.387755102041 0.0816326530612
1.0 0.0
0.387755102041 0.102040816327
1.0 0.0
0.387755102041 0.122448979592
1.0 0.0
0.387755102041 0.142857142857
1.0 0.0
0.387755102041 0.163265306122
1.0 0.0
0.387755102041 0.183673469388
1.0 0.0
0.387755102041 0.204081632653
1.0 0.0
0.387755102041 0.224489795918
1.0 0.0
0.387755102041 0.244897959184
1.0 0.0
0.387755102041 0.265306122449
1.0 0.0
0.387755102041 0.285714285714
1.0 0.0
0.387755102041 0.30612244898
1.0 0.0
0.387755102041 0.326530612245
1.0 0.0
0.387755102041 0.34693877551
1.0 0.0
0.387755102041 0.367346938776
1.0 0.0
0.387755102041 0.387755102041
1.0 0.0
0.387755102041 0.408163265306
1.0 0.0
0.387755102041 0.428571428571
1.0 0.0
0.387755102041 0.448979591837
1.0 0.0
0.387755102041 0.469387755102
0 1.0
0.387755102041 0.489795918367
0 1.0
0.387755102041 0.510204081633
0 1.0
0.387755102041 0.530612244898
0 1.0
0.387755102041 0.551020408163
0 1.0
0.387755102041 0.571428571429
0 1.0
0.387755102041 0.591836734694
0 1.0
0.387755102041 0.612244897959
0 1.0
0.387755102041 0.632653061224
0 1.0
0.387755102041 0.65306122449
0 1.0
0.387755102041 0.673469387755
0 1.0
0.387755102041 0.69387755102
0 1.0
0.387755102041 0.714285714286
0 1.0
0.387755102041 0.734693877551
0 1.0
0.387755102041 0.755102040816
0 1.0
0.387755102041 0.775510204082
0 1.0
0.387755102041 0.795918367347
0 1.0
0.387755102041 0.816326530612
0 1.0
0.387755102041 0.836734693878
0 1.0
0.387755102041 0.857142857143
0 1.0
0.387755102041 0.877551020408
0 1.0
0.387755102041 0.897959183673
0 1.0
0.387755102041 0.918367346939
0 1.0
0.387755102041 0.938775510204
0 1.0
0.387755102041 0.959183673469
0 1.0
0.387755102041 0.979591836735
0 1.0
0.387755102041 1.0
0 1.0
0.428571428571 0.0
1.0 0.0
0.428571428571 0.0204081632653
1.0 0.0
0.428571428571 0.0408163265306
1.0 0.0
0.428571428571 0.0612244897959
1.0 0.0
0.428571428571 0.0816326530612
1.0 0.0
0.428571428571 0.102040816327
1.0 0.0
0.428571428571 0.122448979592
1.0 0.0
0.428571428571 0.142857142857
1.0 0.0
0.428571428571 0.163265306122
1.0 0.0
0.428571428571 0.183673469388
1.0 0.0
0.428571428571 0.204081632653
1.0 0.0
0.428571428571 0.224489795918
1.0 0.0
0.428571428571 0.244897959184
1.0 0.0
0.428571428571 0.265306122449
1.0 0.0
0.428571428571 0.285714285714
1.0 0.0
0.428571428571 0.30612244898
1.0 0.0
0.428571428571 0.326530612245
1.0 0.0
0.428571428571 0.34693877551
1.0 0.0
0.428571428571 0.367346938776
1.0 0.0
0.428571428571 0.387755102041
1.0 0.0
0.428571428571 0.408163265306
1.0 0.0
0.428571428571 0.428571428571
1.0 0.0
0.428571428571 0.448979591837
1.0 0.0
0.428571428571 0.469387755102
0 1.0
0.428571428571 0.489795918367
0 1.0
0.428571428571 0.510204081633
0 1.0
0.428571428571 0.530612244898
0 1.0
0.428571428571 0.551020408163
0 1.0
0.428571428571 0.571428571429
0 1.0
0.428571428571 0.591836734694
0 1.0
0.428571428571 0.612244897959
0 1.0
0.428571428571 0.632653061224
0 1.0
0.428571428571 0.65306122449
0 1.0
0.428571428571 0.673469387755
0 1.0
0.428571428571 0.69387755102
0 1.0
0.428571428571 0.714285714286
0 1.0
0.428571428571 0.734693877551
0 1.0
0.428571428571 0.755102040816
0 1.0
0.428571428571 0.775510204082
0 1.0
0.428571428571 0.795918367347
0 1.0
0.428571428571 0.816326530612
0 1.0
0.428571428571 0.836734693878
0 1.0
0.428571428571 0.857142857143
0 1.0
0.428571428571 0.877551020408
0 1.0
0.428571428571 0.897959183673
0 1.0
0.428571428571 0.918367346939
0 1.0
0.428571428571 0.938775510204
0 1.0
0.428571428571 0.959183673469
0 1.0
0.428571428571 0.979591836735
0 1.0
0.428571428571 1.0
0 1.0
0.469387755102 0.0
1.0 0.0
0.469387755102 0.0204081632653
1.0 0.0
0.469387755102 0.0408163265306
1.0 0.0
0.469387755102 0.0612244897959
1.0 0.0
0.469387755102 0.0816326530612
1.0 0.0
0.469387755102 0.102040816327
1.0 0.0
0.469387755102 0.122448979592
1.0 0.0
0.469387755102 0.142857142857
1.0 0.0
0.469387755102 0.163265306122
1.0 0.0
0.469387755102 0.183673469388
1.0 0.0
0.469387755102 0.204081632653
1.0 0.0
0.469387755102 0.224489795918
1.0 0.0
0.469387755102 0.244897959184
1.0 0.0
0.469387755102 0.265306122449
1.0 0.0
0.469387755102 0.285714285714
1.0 0.0
0.469387755102 0.30612244898
1.0 0.0
0.469387755102 0.326530612245
1.0 0.0
0.469387755102 0.34693877551
1.0 0.0
0.469387755102 0.367346938776
1.0 0.0
0.469387755102 0.387755102041
1.0 0.0
0.469387755102 0.408163265306
1.0 0.0
0.469387755102 0.428571428571
1.0 0.0
0.469387755102 0.448979591837
1.0 0.0
0.469387755102 0.469387755102
0 1.0
0.469387755102 0.489795918367
0 1.0
0.469387755102 0.510204081633
0 1.0
0.469387755102 0.530612244898
0 1.0
0.469387755102 0.551020408163
0 1.0
0.469387755102 0.571428571429
0 1.0
0.469387755102 0.591836734694
0 1.0
0.469387755102 0.612244897959
0 1.0
0.469387755102 0.632653061224
0 1.0
0.469387755102 0.65306122449
0 1.0
0.469387755102 0.673469387755
0 1.0
0.469387755102 0.69387755102
0 1.0
0.469387755102 0.714285714286
0 1.0
0.469387755102 0.734693877551
0 1.0
0.469387755102 0.755102040816
0 1.0
0.469387755102 0.775510204082
0 1.0
0.469387755102 0.795918367347
0 1.0
0.469387755102 0.816326530612
0 1.0
0.469387755102 0.836734693878
0 1.0
0.469387755102 0.857142857143
0 1.0
0.469387755102 0.877551020408
0 1.0
0.469387755102 0.897959183673
0 1.0
0.469387755102 0.918367346939
0 1.0
0.469387755102 0.938775510204
0 1.0
0.469387755102 0.959183673469
0 1.0
0.469387755102 0.979591836735
0 1.0
0.469387755102 1.0
0 1.0
0.510204081633 0.0
1.0 0.0
0.510204081633 0.0204081632653
1.0 0.0
0.510204081633 0.0408163265306
1.0 0.0
0.510204081633 0.0612244897959
1.0 0.0
0.510204081633 0.0816326530612
1.0 0.0
0.510204081633 0.102040816327
1.0 0.0
0.510204081633 0.122448979592
1.0 0.0
0.510204081633 0.142857142857
1.0 0.0
0.510204081633 0.163265306122
1.0 0.0
0.510204081633 0.183673469388
1.0 0.0
0.510204081633 0.204081632653
1.0 0.0
0.510204081633 0.224489795918
1.0 0.0
0.510204081633 0.244897959184
1.0 0.0
0.510204081633 0.265306122449
1.0 0.0
0.510204081633 0.285714285714
1.0 0.0
0.510204081633 0.30612244898
1.0 0.0
0.510204081633 0.326530612245
1.0 0.0
0.510204081633 0.34693877551
1.0 0.0
0.510204081633 0.367346938776
1.0 0.0
0.510204081633 0.387755102041
1.0 0.0
0.510204081633 0.408163265306
1.0 0.0
0.510204081633 0.428571428571
1.0 0.0
0.510204081633 0.448979591837
1.0 0.0
0.510204081633 0.469387755102
0 1.0
0.510204081633 0.489795918367
0 1.0
0.510204081633 0.510204081633
0 1.0
0.510204081633 0.530612244898
0 1.0
0.510204081633 0.551020408163
0 1.0
0.510204081633 0.571428571429
0 1.0
0.510204081633 0.591836734694
0 1.0
0.510204081633 0.612244897959
0 1.0
0.510204081633 0.632653061224
0 1.0
0.510204081633 0.65306122449
0 1.0
0.510204081633 0.673469387755
0 1.0
0.510204081633 0.69387755102
0 1.0
0.510204081633 0.714285714286
0 1.0
0.510204081633 0.734693877551
0 1.0
0.510204081633 0.755102040816
0 1.0
0.510204081633 0.775510204082
0 1.0
0.510204081633 0.795918367347
0 1.0
0.510204081633 0.816326530612
0 1.0
0.510204081633 0.836734693878
0 1.0
0.510204081633 0.857142857143
0 1.0
0.510204081633 0.877551020408
0 1.0
0.510204081633 0.897959183673
0 1.0
0.510204081633 0.918367346939
0 1.0
0.510204081633 0.938775510204
0 1.0
0.510204081633 0.959183673469
0 1.0
0.510204081633 0.979591836735
0 1.0
0.510204081633 1.0
0 1.0
0.551020408163 0.0
1.0 0.0
0.551020408163 0.0204081632653
1.0 0.0
0.551020408163 0.0408163265306
1.0 0.0
0.551020408163 0.0612244897959
1.0 0.0
0.551020408163 0.0816326530612
1.0 0.0
0.551020408163 0.102040816327
1.0 0.0
0.551020408163 0.122448979592
1.0 0.0
0.551020408163 0.142857142857
1.0 0.0
0.551020408163 0.163265306122
1.0 0.0
0.551020408163 0.183673469388
1.0 0.0
0.551020408163 0.204081632653
1.0 0.0
0.551020408163 0.224489795918
1.0 0.0
0.551020408163 0.244897959184
1.0 0.0
0.551020408163 0.265306122449
1.0 0.0
0.551020408163 0.285714285714
1.0 0.0
0.551020408163 0.30612244898
1.0 0.0
0.551020408163 0.326530612245
1.0 0.0
0.551020408163 0.34693877551
1.0 0.0
0.551020408163 0.367346938776
1.0 0.0
0.551020408163 0.387755102041
1.0 0.0
0.551020408163 0.408163265306
1.0 0.0
0.551020408163 0.428571428571
1.0 0.0
0.551020408163 0.448979591837
1.0 0.0
0.551020408163 0.469387755102
0 1.0
0.551020408163 0.489795918367
0 1.0
0.551020408163 0.510204081633
0 1.0
0.551020408163 0.530612244898
0 1.0
0.551020408163 0.551020408163
0 1.0
0.551020408163 0.571428571429
0 1.0
0.551020408163 0.591836734694
0 1.0
0.551020408163 0.612244897959
0 1.0
0.551020408163 0.632653061224
0 1.0
0.551020408163 0.65306122449
0 1.0
0.551020408163 0.673469387755
0 1.0
0.551020408163 0.69387755102
0 1.0
0.551020408163 0.714285714286
0 1.0
0.551020408163 0.734693877551
0 1.0
0.551020408163 0.755102040816
0 1.0
0.551020408163 0.775510204082
0 1.0
0.551020408163 0.795918367347
0 1.0
0.551020408163 0.816326530612
0 1.0
0.551020408163 0.836734693878
0 1.0
0.551020408163 0.857142857143
0 1.0
0.551020408163 0.877551020408
0 1.0
0.551020408163 0.897959183673
0 1.0
0.551020408163 0.918367346939
0 1.0
0.551020408163 0.938775510204
0 1.0
0.551020408163 0.959183673469
0 1.0
0.551020408163 0.979591836735
0 1.0
0.551020408163 1.0
0 1.0
0.591836734694 0.0
1.0 0.0
0.591836734694 0.0204081632653
1.0 0.0
0.591836734694 0.0408163265306
1.0 0.0
0.591836734694 0.0612244897959
1.0 0.0
0.591836734694 0.0816326530612
1.0 0.0
0.591836734694 0.102040816327
1.0 0.0
0.591836734694 0.122448979592
1.0 0.0
0.591836734694 0.142857142857
1.0 0.0
0.591836734694 0.163265306122
1.0 0.0
0.591836734694 0.183673469388
1.0 0.0
0.591836734694 0.204081632653
1.0 0.0
0.591836734694 0.224489795918
1.0 0.0
0.591836734694 0.244897959184
1.0 0.0
0.591836734694 0.265306122449
1.0 0.0
0.591836734694 0.285714285714
1.0 0.0
0.591836734694 0.30612244898
1.0 0.0
0.591836734694 0.326530612245
1.0 0.0
0.591836734694 0.34693877551
1.0 0.0
0.591836734694 0.367346938776
1.0 0.0
0.591836734694 0.387755102041
1.0 0.0
0.591836734694 0.408163265306
1.0 0.0
0.591836734694 0.428571428571
1.0 0.0
0.591836734694 0.448979591837
1.0 0.0
0.591836734694 0.469387755102
0 1.0
0.591836734694 0.489795918367
0 1.0
0.591836734694 0.510204081633
0 1.0
0.591836734694 0.530612244898
0 1.0
0.591836734694 0.551020408163
0 1.0
0.591836734694 0.571428571429
0 1.0
0.591836734694 0.591836734694
0 1.0
0.591836734694 0.612244897959
0 1.0
0.591836734694 0.632653061224
0 1.0
0.591836734694 0.65306122449
0 1.0
0.591836734694 0.673469387755
0 1.0
0.591836734694 0.69387755102
0 1.0
0.591836734694 0.714285714286
0 1.0
0.591836734694 0.734693877551
0 1.0
0.591836734694 0.755102040816
0 1.0
0.591836734694 0.775510204082
0 1.0
0.591836734694 0.795918367347
0 1.0
0.591836734694 0.816326530612
0 1.0
0.591836734694 0.836734693878
0 1.0
0.591836734694 0.857142857143
0 1.0
0.591836734694 0.877551020408
0 1.0
0.591836734694 0.897959183673
0 1.0
0.591836734694 0.918367346939
0 1.0
0.591836734694 0.938775510204
0 1.0
0.591836734694 0.959183673469
0 1.0
0.591836734694 0.979591836735
0 1.0
0.591836734694 1.0
0 1.0
0.632653061224 0.0
1.0 0.0
0.632653061224 0.0204081632653
1.0 0.0
0.632653061224 0.0408163265306
1.0 0.0
0.632653061224 0.0612244897959
1.0 0.0
0.632653061224 0.0816326530612
1.0 0.0
0.632653061224 0.102040816327
1.0 0.0
0.632653061224 0.122448979592
1.0 0.0
0.632653061224 0.142857142857
1.0 0.0
0.632653061224 0.163265306122
1.0 0.0
0.632653061224 0.183673469388
1.0 0.0
0.632653061224 0.204081632653
1.0 0.0
0.632653061224 0.224489795918
1.0 0.0
0.632653061224 0.244897959184
1.0 0.0
0.632653061224 0.265306122449
1.0 0.0
0.632653061224 0.285714285714
1.0 0.0
0.632653061224 0.30612244898
1.0 0.0
0.632653061224 0.326530612245
1.0 0.0
0.632653061224 0.34693877551
1.0 0.0
0.632653061224 0.367346938776
1.0 0.0
0.632653061224 0.387755102041
1.0 0.0
0.632653061224 0.408163265306
1.0 0.0
0.632653061224 0.428571428571
1.0 0.0
0.632653061224 0.448979591837
1.0 0.0
0.632653061224 0.469387755102
0 1.0
0.632653061224 0.489795918367
0 1.0
0.632653061224 0.510204081633
0 1.0
0.632653061224 0.530612244898
0 1.0
0.632653061224 0.551020408163
0 1.0
0.632653061224 0.571428571429
0 1.0
0.632653061224 0.591836734694
0 1.0
0.632653061224 0.612244897959
0 1.0
0.632653061224 0.632653061224
0 1.0
0.632653061224 0.65306122449
0 1.0
0.632653061224 0.673469387755
0 1.0
0.632653061224 0.69387755102
0 1.0
0.632653061224 0.714285714286
0 1.0
0.632653061224 0.734693877551
0 1.0
0.632653061224 0.755102040816
0 1.0
0.632653061224 0.775510204082
0 1.0
0.632653061224 0.795918367347
0 1.0
0.632653061224 0.816326530612
0 1.0
0.632653061224 0.836734693878
0 1.0
0.632653061224 0.857142857143
0 1.0
0.632653061224 0.877551020408
0 1.0
0.632653061224 0.897959183673
0 1.0
0.632653061224 0.918367346939
0 1.0
0.632653061224 0.938775510204
0 1.0
0.632653061224 0.959183673469
0 1.0
0.632653061224 0.979591836735
0 1.0
0.632653061224 1.0
0 1.0
0.673469387755 0.0
1.0 0.0
0.673469387755 0.0204081632653
1.0 0.0
0.673469387755 0.0408163265306
1.0 0.0
0.673469387755 0.0612244897959
1.0 0.0
0.673469387755 0.0816326530612
1.0 0.0
0.673469387755 0.102040816327
1.0 0.0
0.673469387755 0.122448979592
1.0 0.0
0.673469387755 0.142857142857
1.0 0.0
0.673469387755 0.163265306122
1.0 0.0
0.673469387755 0.183673469388
1.0 0.0
0.673469387755 0.204081632653
1.0 0.0
0.673469387755 0.224489795918
1.0 0.0
0.673469387755 0.244897959184
1.0 0.0
0.673469387755 0.265306122449
1.0 0.0
0.673469387755 0.285714285714
1.0 0.0
0.673469387755 0.30612244898
1.0 0.0
0.673469387755 0.326530612245
1.0 0.0
0.673469387755 0.34693877551
1.0 0.0
0.673469387755 0.367346938776
1.0 0.0
0.673469387755 0.387755102041
1.0 0.0
0.673469387755 0.408163265306
1.0 0.0
0.673469387755 0.428571428571
1.0 0.0
0.673469387755 0.448979591837
1.0 0.0
0.673469387755 0.469387755102
0 1.0
0.673469387755 0.489795918367
0 1.0
0.673469387755 0.510204081633
0 1.0
0.673469387755 0.530612244898
0 1.0
0.673469387755 0.551020408163
0 1.0
0.673469387755 0.571428571429
0 1.0
0.673469387755 0.591836734694
0 1.0
0.673469387755 0.612244897959
0 1.0
0.673469387755 0.632653061224
0 1.0
0.673469387755 0.65306122449
0 1.0
0.673469387755 0.673469387755
0 1.0
0.673469387755 0.69387755102
0 1.0
0.673469387755 0.714285714286
0 1.0
0.673469387755 0.734693877551
0 1.0
0.673469387755 0.755102040816
0 1.0
0.673469387755 0.775510204082
0 1.0
0.673469387755 0.795918367347
0 1.0
0.673469387755 0.816326530612
0 1.0
0.673469387755 0.836734693878
0 1.0
0.673469387755 0.857142857143
0 1.0
0.673469387755 0.877551020408
0 1.0
0.673469387755 0.897959183673
0 1.0
0.673469387755 0.918367346939
0 1.0
0.673469387755 0.938775510204
0 1.0
0.673469387755 0.959183673469
0 1.0
0.673469387755 0.979591836735
0 1.0
0.673469387755 1.0
0 1.0
0.714285714286 0.0
1.0 0.0
0.714285714286 0.0204081632653
1.0 0.0
0.714285714286 0.0408163265306
1.0 0.0
0.714285714286 0.0612244897959
1.0 0.0
0.714285714286 0.0816326530612
1.0 0.0
0.714285714286 0.102040816327
1.0 0.0
0.714285714286 0.122448979592
1.0 0.0
0.714285714286 0.142857142857
1.0 0.0
0.714285714286 0.163265306122
1.0 0.0
0.714285714286 0.183673469388
1.0 0.0
0.714285714286 0.204081632653
1.0 0.0
0.714285714286 0.224489795918
1.0 0.0
0.714285714286 0.244897959184
1.0 0.0
0.714285714286 0.265306122449
1.0 0.0
0.714285714286 0.285714285714
1.0 0.0
0.714285714286 0.30612244898
1.0 0.0
0.714285714286 0.326530612245
1.0 0.0
0.714285714286 0.34693877551
1.0 0.0
0.714285714286 0.367346938776
1.0 0.0
0.714285714286 0.387755102041
1.0 0.0
0.714285714286 0.408163265306
1.0 0.0
0.714285714286 0.428571428571
1.0 0.0
0.714285714286 0.448979591837
1.0 0.0
0.714285714286 0.469387755102
0 1.0
0.714285714286 0.489795918367
0 1.0
0.714285714286 0.510204081633
0 1.0
0.714285714286 0.530612244898
0 1.0
0.714285714286 0.551020408163
0 1.0
0.714285714286 0.571428571429
0 1.0
0.714285714286 0.591836734694
0 1.0
0.714285714286 0.612244897959
0 1.0
0.714285714286 0.632653061224
0 1.0
0.714285714286 0.65306122449
0 1.0
0.714285714286 0.673469387755
0 1.0
0.714285714286 0.69387755102
0 1.0
0.714285714286 0.714285714286
0 1.0
0.714285714286 0.734693877551
0 1.0
0.714285714286 0.755102040816
0 1.0
0.714285714286 0.775510204082
0 1.0
0.714285714286 0.795918367347
0 1.0
0.714285714286 0.816326530612
0 1.0
0.714285714286 0.836734693878
0 1.0
0.714285714286 0.857142857143
0 1.0
0.714285714286 0.877551020408
0 1.0
0.714285714286 0.897959183673
0 1.0
0.714285714286 0.918367346939
0 1.0
0.714285714286 0.938775510204
0 1.0
0.714285714286 0.959183673469
0 1.0
0.714285714286 0.979591836735
0 1.0
0.714285714286 1.0
0 1.0
0.755102040816 0.0
1.0 0.0
0.755102040816 0.0204081632653
1.0 0.0
0.755102040816 0.0408163265306
1.0 0.0
0.755102040816 0.0612244897959
1.0 0.0
0.755102040816 0.0816326530612
1.0 0.0
0.755102040816 0.102040816327
1.0 0.0
0.755102040816 0.122448979592
1.0 0.0
0.755102040816 0.142857142857
1.0 0.0
0.755102040816 0.163265306122
1.0 0.0
0.755102040816 0.183673469388
1.0 0.0
0.755102040816 0.204081632653
1.0 0.0
0.755102040816 0.224489795918
1.0 0.0
0.755102040816 0.244897959184
1.0 0.0
0.755102040816 0.265306122449
1.0 0.0
0.755102040816 0.285714285714
1.0 0.0
0.755102040816 0.30612244898
1.0 0.0
0.755102040816 0.326530612245
1.0 0.0
0.755102040816 0.34693877551
1.0 0.0
0.755102040816 0.367346938776
1.0 0.0
0.755102040816 0.387755102041
1.0 0.0
0.755102040816 0.408163265306
1.0 0.0
0.755102040816 0.428571428571
1.0 0.0
0.755102040816 0.448979591837
1.0 0.0
0.755102040816 0.469387755102
0 1.0
0.755102040816 0.489795918367
0 1.0
0.755102040816 0.510204081633
0 1.0
0.755102040816 0.530612244898
0 1.0
0.755102040816 0.551020408163
0 1.0
0.755102040816 0.571428571429
0 1.0
0.755102040816 0.591836734694
0 1.0
0.755102040816 0.612244897959
0 1.0
0.755102040816 0.632653061224
0 1.0
0.755102040816 0.65306122449
0 1.0
0.755102040816 0.673469387755
0 1.0
0.755102040816 0.69387755102
0 1.0
0.755102040816 0.714285714286
0 1.0
0.755102040816 0.734693877551
0 1.0
0.755102040816 0.755102040816
0 1.0
0.755102040816 0.775510204082
0 1.0
0.755102040816 0.795918367347
0 1.0
0.755102040816 0.816326530612
0 1.0
0.755102040816 0.836734693878
0 1.0
0.755102040816 0.857142857143
0 1.0
0.755102040816 0.877551020408
0 1.0
0.755102040816 0.897959183673
0 1.0
0.755102040816 0.918367346939
0 1.0
0.755102040816 0.938775510204
0 1.0
0.755102040816 0.959183673469
0 1.0
0.755102040816 0.979591836735
0 1.0
0.755102040816 1.0
0 1.0
0.795918367347 0.0
1.0 0.0
0.795918367347 0.0204081632653
1.0 0.0
0.795918367347 0.0408163265306
1.0 0.0
0.795918367347 0.0612244897959
1.0 0.0
0.795918367347 0.0816326530612
1.0 0.0
0.795918367347 0.102040816327
1.0 0.0
0.795918367347 0.122448979592
1.0 0.0
0.795918367347 0.142857142857
1.0 0.0
0.795918367347 0.163265306122
1.0 0.0
0.795918367347 0.183673469388
1.0 0.0
0.795918367347 0.204081632653
1.0 0.0
0.795918367347 0.224489795918
1.0 0.0
0.795918367347 0.244897959184
1.0 0.0
0.795918367347 0.265306122449
1.0 0.0
0.795918367347 0.285714285714
1.0 0.0
0.795918367347 0.30612244898
1.0 0.0
0.795918367347 0.326530612245
1.0 0.0
0.795918367347 0.34693877551
1.0 0.0
0.795918367347 0.367346938776
1.0 0.0
0.795918367347 0.387755102041
1.0 0.0
0.795918367347 0.408163265306
1.0 0.0
0.795918367347 0.428571428571
1.0 0.0
0.795918367347 0.448979591837
1.0 0.0
0.795918367347 0.469387755102
0 1.0
0.795918367347 0.489795918367
0 1.0
0.795918367347 0.510204081633
0 1.0
0.795918367347 0.530612244898
0 1.0
0.795918367347 0.551020408163
0 1.0
0.795918367347 0.571428571429
0 1.0
0.795918367347 0.591836734694
0 1.0
0.795918367347 0.612244897959
0 1.0
0.795918367347 0.632653061224
0 1.0
0.795918367347 0.65306122449
0 1.0
0.795918367347 0.673469387755
0 1.0
0.795918367347 0.69387755102
0 1.0
0.795918367347 0.714285714286
0 1.0
0.795918367347 0.734693877551
0 1.0
0.795918367347 0.755102040816
0 1.0
0.795918367347 0.775510204082
0 1.0
0.795918367347 0.795918367347
0 1.0
0.795918367347 0.816326530612
0 1.0
0.795918367347 0.836734693878
0 1.0
0.795918367347 0.857142857143
0 1.0
0.795918367347 0.877551020408
0 1.0
0.795918367347 0.897959183673
0 1.0
0.795918367347 0.918367346939
0 1.0
0.795918367347 0.938775510204
0 1.0
0.795918367347 0.959183673469
0 1.0
0.795918367347 0.979591836735
0 1.0
0.795918367347 1.0
0 1.0
0.836734693878 0.0
1.0 0.0
0.836734693878 0.0204081632653
1.0 0.0
0.836734693878 0.0408163265306
1.0 0.0
0.836734693878 0.0612244897959
1.0 0.0
0.836734693878 0.0816326530612
1.0 0.0
0.836734693878 0.102040816327
1.0 0.0
0.836734693878 0.122448979592
1.0 0.0
0.836734693878 0.142857142857
1.0 0.0
0.836734693878 0.163265306122
1.0 0.0
0.836734693878 0.183673469388
1.0 0.0
0.836734693878 0.204081632653
1.0 0.0
0.836734693878 0.224489795918
1.0 0.0
0.836734693878 0.244897959184
1.0 0.0
0.836734693878 0.265306122449
1.0 0.0
0.836734693878 0.285714285714
1.0 0.0
0.836734693878 0.30612244898
1.0 0.0
0.836734693878 0.326530612245
1.0 0.0
0.836734693878 0.34693877551
1.0 0.0
0.836734693878 0.367346938776
1.0 0.0
0.836734693878 0.387755102041
1.0 0.0
0.836734693878 0.408163265306
1.0 0.0
0.836734693878 0.428571428571
1.0 0.0
0.836734693878 0.448979591837
1.0 0.0
0.836734693878 0.469387755102
0 1.0
0.836734693878 0.489795918367
0 1.0
0.836734693878 0.510204081633
0 1.0
0.836734693878 0.530612244898
0 1.0
0.836734693878 0.551020408163
0 1.0
0.836734693878 0.571428571429
0 1.0
0.836734693878 0.591836734694
0 1.0
0.836734693878 0.612244897959
0 1.0
0.836734693878 0.632653061224
0 1.0
0.836734693878 0.65306122449
0 1.0
0.836734693878 0.673469387755
0 1.0
0.836734693878 0.69387755102
0 1.0
0.836734693878 0.714285714286
0 1.0
0.836734693878 0.734693877551
0 1.0
0.836734693878 0.755102040816
0 1.0
0.836734693878 0.775510204082
0 1.0
0.836734693878 0.795918367347
0 1.0
0.836734693878 0.816326530612
0 1.0
0.836734693878 0.836734693878
0 1.0
0.836734693878 0.857142857143
0 1.0
0.836734693878 0.877551020408
0 1.0
0.836734693878 0.897959183673
0 1.0
0.836734693878 0.918367346939
0 1.0
0.836734693878 0.938775510204
0 1.0
0.836734693878 0.959183673469
0 1.0
0.836734693878 0.979591836735
0 1.0
0.836734693878 1.0
0 1.0
0.877551020408 0.0
1.0 0.0
0.877551020408 0.0204081632653
1.0 0.0
0.877551020408 0.0408163265306
1.0 0.0
0.877551020408 0.0612244897959
1.0 0.0
0.877551020408 0.0816326530612
1.0 0.0
0.877551020408 0.102040816327
1.0 0.0
0.877551020408 0.122448979592
1.0 0.0
0.877551020408 0.142857142857
1.0 0.0
0.877551020408 0.163265306122
1.0 0.0
0.877551020408 0.183673469388
1.0 0.0
0.877551020408 0.204081632653
1.0 0.0
0.877551020408 0.224489795918
1.0 0.0
0.877551020408 0.244897959184
1.0 0.0
0.877551020408 0.265306122449
1.0 0.0
0.877551020408 0.285714285714
1.0 0.0
0.877551020408 0.30612244898
1.0 0.0
0.877551020408 0.326530612245
1.0 0.0
0.877551020408 0.34693877551
1.0 0.0
0.877551020408 0.367346938776
1.0 0.0
0.877551020408 0.387755102041
1.0 0.0
0.877551020408 0.408163265306
1.0 0.0
0.877551020408 0.428571428571
1.0 0.0
0.877551020408 0.448979591837
1.0 0.0
0.877551020408 0.469387755102
0 1.0
0.877551020408 0.489795918367
0 1.0
0.877551020408 0.510204081633
0 1.0
0.877551020408 0.530612244898
0 1.0
0.877551020408 0.551020408163
0 1.0
0.877551020408 0.571428571429
0 1.0
0.877551020408 0.591836734694
0 1.0
0.877551020408 0.612244897959
0 1.0
0.877551020408 0.632653061224
0 1.0
0.877551020408 0.65306122449
0 1.0
0.877551020408 0.673469387755
0 1.0
0.877551020408 0.69387755102
0 1.0
0.877551020408 0.714285714286
0 1.0
0.877551020408 0.734693877551
0 1.0
0.877551020408 0.755102040816
0 1.0
0.877551020408 0.775510204082
0 1.0
0.877551020408 0.795918367347
0 1.0
0.877551020408 0.816326530612
0 1.0
0.877551020408 0.836734693878
0 1.0
0.877551020408 0.857142857143
0 1.0
0.877551020408 0.877551020408
0 1.0
0.877551020408 0.897959183673
0 1.0
0.877551020408 0.918367346939
0 1.0
0.877551020408 0.938775510204
0 1.0
0.877551020408 0.959183673469
0 1.0
0.877551020408 0.979591836735
0 1.0
0.877551020408 1.0
0 1.0
0.918367346939 0.0
1.0 0.0
0.918367346939 0.0204081632653
1.0 0.0
0.918367346939 0.0408163265306
1.0 0.0
0.918367346939 0.0612244897959
1.0 0.0
0.918367346939 0.0816326530612
1.0 0.0
0.918367346939 0.102040816327
1.0 0.0
0.918367346939 0.122448979592
1.0 0.0
0.918367346939 0.142857142857
1.0 0.0
0.918367346939 0.163265306122
1.0 0.0
0.918367346939 0.183673469388
1.0 0.0
0.918367346939 0.204081632653
1.0 0.0
0.918367346939 0.224489795918
1.0 0.0
0.918367346939 0.244897959184
1.0 0.0
0.918367346939 0.265306122449
1.0 0.0
0.918367346939 0.285714285714
1.0 0.0
0.918367346939 0.30612244898
1.0 0.0
0.918367346939 0.326530612245
1.0 0.0
0.918367346939 0.34693877551
1.0 0.0
0.918367346939 0.367346938776
1.0 0.0
0.918367346939 0.387755102041
1.0 0.0
0.918367346939 0.408163265306
1.0 0.0
0.918367346939 0.428571428571
1.0 0.0
0.918367346939 0.448979591837
1.0 0.0
0.918367346939 0.469387755102
0 1.0
0.918367346939 0.489795918367
0 1.0
0.918367346939 0.510204081633
0 1.0
0.918367346939 0.530612244898
0 1.0
0.918367346939 0.551020408163
0 1.0
0.918367346939 0.571428571429
0 1.0
0.918367346939 0.591836734694
0 1.0
0.918367346939 0.612244897959
0 1.0
0.918367346939 0.632653061224
0 1.0
0.918367346939 0.65306122449
0 1.0
0.918367346939 0.673469387755
0 1.0
0.918367346939 0.69387755102
0 1.0
0.918367346939 0.714285714286
0 1.0
0.918367346939 0.734693877551
0 1.0
0.918367346939 0.755102040816
0 1.0
0.918367346939 0.775510204082
0 1.0
0.918367346939 0.795918367347
0 1.0
0.918367346939 0.816326530612
0 1.0
0.918367346939 0.836734693878
0 1.0
0.918367346939 0.857142857143
0 1.0
0.918367346939 0.877551020408
0 1.0
0.918367346939 0.897959183673
0 1.0
0.918367346939 0.918367346939
0 1.0
0.918367346939 0.938775510204
0 1.0
0.918367346939 0.959183673469
0 1.0
0.918367346939 0.979591836735
0 1.0
0.918367346939 1.0
0 1.0
0.959183673469 0.0
0.0 0.0
0.959183673469 0.0204081632653
0.0 0.0
0.959183673469 0.0408163265306
0.0 0.0
0.959183673469 0.0612244897959
0.0 0.0
0.959183673469 0.0816326530612
0.0 0.0
0.959183673469 0.102040816327
0.0 0.0
0.959183673469 0.122448979592
0.0 0.0
0.959183673469 0.142857142857
0.0 0.0
0.959183673469 0.163265306122
0.0 0.0
0.959183673469 0.183673469388
0.0 0.0
0.959183673469 0.204081632653
0.0 0.0
0.959183673469 0.224489795918
0.0 0.0
0.959183673469 0.244897959184
0.0 0.0
0.959183673469 0.265306122449
0.0 0.0
0.959183673469 0.285714285714
0.0 0.0
0.959183673469 0.30612244898
0.0 0.0
0.959183673469 0.326530612245
0.0 0.0
0.959183673469 0.34693877551
0.0 0.0
0.959183673469 0.367346938776
0.0 0.0
0.959183673469 0.387755102041
0.0 0.0
0.959183673469 0.408163265306
0.0 0.0
0.959183673469 0.428571428571
0.0 0.0
0.959183673469 0.448979591837
0.0 0.0
0.959183673469 0.469387755102
0 1.0
0.959183673469 0.489795918367
0 1.0
0.959183673469 0.510204081633
0 1.0
0.959183673469 0.530612244898
0 1.0
0.959183673469 0.551020408163
0 1.0
0.959183673469 0.571428571429
0 1.0
0.959183673469 0.591836734694
0 1.0
0.959183673469 0.612244897959
0 1.0
0.959183673469 0.632653061224
0 1.0
0.959183673469 0.65306122449
0 1.0
0.959183673469 0.673469387755
0 1.0
0.959183673469 0.69387755102
0 1.0
0.959183673469 0.714285714286
0 1.0
0.959183673469 0.734693877551
0 1.0
0.959183673469 0.755102040816
0 1.0
0.959183673469 0.775510204082
0 1.0
0.959183673469 0.795918367347
0 1.0
0.959183673469 0.816326530612
0 1.0
0.959183673469 0.836734693878
0 1.0
0.959183673469 0.857142857143
0 1.0
0.959183673469 0.877551020408
0 1.0
0.959183673469 0.897959183673
0 1.0
0.959183673469 0.918367346939
0 1.0
0.959183673469 0.938775510204
0 1.0
0.959183673469 0.959183673469
0 1.0
0.959183673469 0.979591836735
0 1.0
0.959183673469 1.0
0 1.0
1.0 0.0
0.0 0.0
1.0 0.0204081632653
0.0 0.0
1.0 0.0408163265306
0.0 0.0
1.0 0.0612244897959
0.0 0.0
1.0 0.0816326530612
0.0 0.0
1.0 0.102040816327
0.0 0.0
1.0 0.122448979592
0.0 0.0
1.0 0.142857142857
0.0 0.0
1.0 0.163265306122
0.0 0.0
1.0 0.183673469388
0.0 0.0
1.0 0.204081632653
0.0 0.0
1.0 0.224489795918
0.0 0.0
1.0 0.244897959184
0.0 0.0
1.0 0.265306122449
0.0 0.0
1.0 0.285714285714
0.0 0.0
1.0 0.30612244898
0.0 0.0
1.0 0.326530612245
0.0 0.0
1.0 0.34693877551
0.0 0.0
1.0 0.367346938776
0.0 0.0
1.0 0.387755102041
0.0 0.0
1.0 0.408163265306
0.0 0.0
1.0 0.428571428571
0.0 0.0
1.0 0.448979591837
0.0 0.0
1.0 0.469387755102
0 1.0
1.0 0.489795918367
0 1.0
1.0 0.510204081633
0 1.0
1.0 0.530612244898
0 1.0
1.0 0.551020408163
0 1.0
1.0 0.571428571429
0 1.0
1.0 0.591836734694
0 1.0
1.0 0.612244897959
0 1.0
1.0 0.632653061224
0 1.0
1.0 0.65306122449
0 1.0
1.0 0.673469387755
0 1.0
1.0 0.69387755102
0 1.0
1.0 0.714285714286
0 1.0
1.0 0.734693877551
0 1.0
1.0 0.755102040816
0 1.0
1.0 0.775510204082
0 1.0
1.0 0.795918367347
0 1.0
1.0 0.816326530612
0 1.0
1.0 0.836734693878
0 1.0
1.0 0.857142857143
0 1.0
1.0 0.877551020408
0 1.0
1.0 0.897959183673
0 1.0
1.0 0.918367346939
0 1.0
1.0 0.938775510204
0 1.0
1.0 0.959183673469
0 1.0
1.0 0.979591836735
0 1.0
1.0 1.0
0 1.0
